2000 64 832622 
4000 64 1664377 
6000 64 2496563 
8000 64 3328354 
10000 64 4159825 
12000 64 4992192 
14000 64 5824774 
16000 64 6657035 
18000 64 7488631 
20000 64 8320089 
22000 64 9152506 
24000 64 9985072 
26000 64 10816889 
28000 64 11647632 
30000 64 12480402 
32000 64 13312254 
34000 64 14144180 
36000 64 14976033 
38000 64 15808485 
40000 64 16639318 
42000 64 17472950 
44000 64 18303449 
46000 64 19137510 
48000 64 19967985 
50000 64 20798722 
52000 64 21632157 
54000 64 22465100 
56000 64 23296665 
58000 64 24128611 
60000 64 24961556 
62000 64 25793228 
64000 64 26625610 
66000 64 27455999 
68000 64 28287702 
70000 64 29120075 
72000 64 29954506 
74000 64 30783581 
76000 64 31615685 
78000 64 32447470 
80000 64 33279242 
82000 64 34112869 
84000 64 34945605 
86000 64 35776414 
88000 64 36608605 
90000 64 37442314 
92000 64 38270885 
94000 64 39106338 
96000 64 39935842 
98000 64 40766601 
100000 64 41600027 
102000 64 42430236 
104000 64 43264165 
106000 64 44096686 
108000 64 44927454 
110000 64 45759951 
112000 64 46591929 
114000 64 47425838 
116000 64 48255196 
118000 64 49090849 
120000 64 49919240 
122000 64 50752132 
124000 64 51580815 
126000 64 52416936 
128000 64 53246827 
130000 64 54081354 
132000 64 54913950 
134000 64 55744521 
136000 64 56577715 
138000 64 57408320 
140000 64 58239424 
142000 64 59071372 
144000 64 59904373 
146000 64 60737491 
148000 64 61569331 
150000 64 62399156 
152000 64 63232097 
154000 64 64061779 
156000 64 64898562 
158000 64 65724142 
160000 64 66562587 
162000 64 67390954 
164000 64 68225491 
166000 64 69056223 
168000 64 69890576 
170000 64 70717907 
172000 64 71553463 
174000 64 72383121 
176000 64 73217477 
178000 64 74047798 
180000 64 74881100 
182000 64 75711282 
184000 64 76546358 
186000 64 77377004 
188000 64 78208012 
190000 64 79041013 
192000 64 79872668 
194000 64 80707201 
196000 64 81533577 
198000 64 82369304 
200000 64 83201181 
202000 64 84030728 
204000 64 84864666 
206000 64 85696040 
208000 64 86525657 
210000 64 87359623 
212000 64 88192975 
214000 64 89023997 
216000 64 89852518 
218000 64 90685246 
220000 64 91524696 
222000 64 92349320 
224000 64 93184912 
226000 64 94016627 
228000 64 94848099 
230000 64 95678458 
232000 64 96512493 
234000 64 97346765 
236000 64 98175123 
238000 64 99004565 
240000 64 99842234 
242000 64 100669818 
244000 64 101502669 
246000 64 102333151 
248000 64 103167994 
250000 64 103998514 
252000 64 104829097 
254000 64 105663624 
256000 64 106495592 
258000 64 107329113 
260000 64 108158107 
262000 64 108994697 
264000 64 109824438 
266000 64 110655707 
268000 64 111485224 
270000 64 112321683 
272000 64 113154870 
274000 64 113985607 
276000 64 114817766 
278000 64 115645896 
280000 64 116478940 
282000 64 117312048 
284000 64 118147323 
286000 64 118976301 
288000 64 119810270 
290000 64 120639704 
292000 64 121474405 
294000 64 122302879 
296000 64 123131152 
298000 64 123965605 
300000 64 124801107 
302000 64 125633453 
304000 64 126463750 
306000 64 127294117 
308000 64 128130187 
310000 64 128957658 
312000 64 129794146 
314000 64 130620938 
316000 64 131455754 
318000 64 132289819 
320000 64 133118292 
322000 64 133952599 
324000 64 134781887 
326000 64 135614708 
328000 64 136446407 
330000 64 137275074 
332000 64 138112410 
334000 64 138943889 
336000 64 139774011 
338000 64 140608764 
340000 64 141438424 
342000 64 142272797 
344000 64 143103646 
346000 64 143938214 
348000 64 144764760 
350000 64 145600084 
352000 64 146431937 
354000 64 147263600 
356000 64 148090962 
358000 64 148928356 
360000 64 149761190 
362000 64 150591124 
364000 64 151421312 
366000 64 152252918 
368000 64 153084112 
370000 64 153917764 
372000 64 154752190 
374000 64 155587776 
376000 64 156414491 
378000 64 157252954 
380000 64 158083087 
382000 64 158914023 
384000 64 159745535 
386000 64 160577755 
388000 64 161409852 
390000 64 162243435 
392000 64 163073228 
394000 64 163901947 
396000 64 164734285 
398000 64 165566804 
400000 64 166399580 
402000 64 167234577 
404000 64 168058923 
406000 64 168900083 
408000 64 169728688 
410000 64 170556690 
412000 64 171392360 
414000 64 172223006 
416000 64 173063724 
418000 64 173891092 
420000 64 174721016 
422000 64 175552007 
424000 64 176383447 
426000 64 177212748 
428000 64 178048721 
430000 64 178874718 
432000 64 179710516 
434000 64 180546330 
436000 64 181376880 
438000 64 182207936 
440000 64 183042590 
442000 64 183871782 
444000 64 184707358 
446000 64 185535806 
448000 64 186371896 
450000 64 187199891 
452000 64 188035765 
454000 64 188867806 
456000 64 189700984 
458000 64 190526396 
460000 64 191355646 
462000 64 192191271 
464000 64 193029322 
466000 64 193857365 
468000 64 194687378 
470000 64 195524235 
472000 64 196350325 
474000 64 197182510 
476000 64 198014661 
478000 64 198843399 
480000 64 199680483 
482000 64 200511504 
484000 64 201342970 
486000 64 202171498 
488000 64 203007778 
490000 64 203839026 
492000 64 204672891 
494000 64 205503782 
496000 64 206329402 
498000 64 207164437 
500000 64 207998668 
502000 64 208831852 
504000 64 209666473 
506000 64 210497670 
508000 64 211328278 
510000 64 212160383 
512000 64 212991873 
514000 64 213825351 
516000 64 214654640 
518000 64 215486727 
520000 64 216321728 
522000 64 217153165 
524000 64 217978132 
526000 64 218816318 
528000 64 219648006 
530000 64 220480252 
532000 64 221318080 
534000 64 222149186 
536000 64 222978512 
538000 64 223806297 
540000 64 224639240 
542000 64 225471387 
544000 64 226303919 
546000 64 227137879 
548000 64 227969455 
550000 64 228796570 
552000 64 229632592 
554000 64 230463211 
556000 64 231304487 
558000 64 232128854 
560000 64 232960426 
562000 64 233792975 
564000 64 234622616 
566000 64 235452353 
568000 64 236291509 
570000 64 237123513 
572000 64 237949976 
574000 64 238783980 
576000 64 239615390 
578000 64 240449342 
580000 64 241278618 
582000 64 242115828 
584000 64 242943760 
586000 64 243769099 
588000 64 244611271 
590000 64 245444881 
592000 64 246272375 
594000 64 247098182 
596000 64 247939094 
598000 64 248770816 
600000 64 249600925 
602000 64 250435043 
604000 64 251263555 
606000 64 252098538 
608000 64 252923785 
610000 64 253758588 
612000 64 254594219 
614000 64 255421404 
616000 64 256252092 
618000 64 257091655 
620000 64 257920727 
622000 64 258752808 
624000 64 259580962 
626000 64 260418379 
628000 64 261246582 
630000 64 262079529 
632000 64 262909319 
634000 64 263745228 
636000 64 264574859 
638000 64 265408138 
640000 64 266233785 
642000 64 267072795 
644000 64 267902556 
646000 64 268737979 
648000 64 269562519 
650000 64 270404585 
652000 64 271233259 
654000 64 272066936 
656000 64 272891639 
658000 64 273732335 
660000 64 274558743 
662000 64 275390133 
664000 64 276228463 
666000 64 277060505 
668000 64 277882713 
670000 64 278725771 
672000 64 279554236 
674000 64 280384771 
676000 64 281219285 
678000 64 282048473 
680000 64 282883186 
682000 64 283710817 
684000 64 284546054 
686000 64 285374543 
688000 64 286209776 
690000 64 287042405 
692000 64 287871067 
694000 64 288702782 
696000 64 289540953 
698000 64 290364559 
700000 64 291201782 
702000 64 292035413 
704000 64 292865070 
706000 64 293692653 
708000 64 294532655 
710000 64 295352079 
712000 64 296184985 
714000 64 297026381 
716000 64 297862474 
718000 64 298690464 
720000 64 299525809 
722000 64 300357159 
724000 64 301184743 
726000 64 302026078 
728000 64 302848147 
730000 64 303680939 
732000 64 304512076 
734000 64 305346475 
736000 64 306175724 
738000 64 307016923 
740000 64 307832282 
742000 64 308665431 
744000 64 309509828 
746000 64 310336682 
748000 64 311169659 
750000 64 312001544 
752000 64 312827945 
754000 64 313666092 
756000 64 314492327 
758000 64 315328288 
760000 64 316159217 
762000 64 316995579 
764000 64 317825757 
766000 64 318655252 
768000 64 319490789 
770000 64 320319180 
772000 64 321153778 
774000 64 321990664 
776000 64 322819789 
778000 64 323643385 
780000 64 324481557 
782000 64 325310702 
784000 64 326145144 
786000 64 326977304 
788000 64 327814716 
790000 64 328639545 
792000 64 329472322 
794000 64 330303685 
796000 64 331138692 
798000 64 331963391 
800000 64 332804403 
802000 64 333630197 
804000 64 334463275 
806000 64 335288537 
808000 64 336124647 
810000 64 336961690 
812000 64 337790695 
814000 64 338627226 
816000 64 339459901 
818000 64 340285874 
820000 64 341121538 
822000 64 341951550 
824000 64 342785557 
826000 64 343623377 
828000 64 344451720 
830000 64 345278455 
832000 64 346116762 
834000 64 346943170 
836000 64 347776419 
838000 64 348600755 
840000 64 349440569 
842000 64 350271062 
844000 64 351098041 
846000 64 351940317 
848000 64 352767270 
850000 64 353599896 
852000 64 354436653 
854000 64 355263357 
856000 64 356094618 
858000 64 356922620 
860000 64 357761350 
862000 64 358583283 
864000 64 359426684 
866000 64 360253156 
868000 64 361086121 
870000 64 361925914 
872000 64 362744959 
874000 64 363578170 
876000 64 364410268 
878000 64 365247826 
880000 64 366078307 
882000 64 366914770 
884000 64 367746155 
886000 64 368579180 
888000 64 369404005 
890000 64 370237595 
892000 64 371066148 
894000 64 371899911 
896000 64 372740323 
898000 64 373573010 
900000 64 374396598 
902000 64 375227872 
904000 64 376070200 
906000 64 376901972 
908000 64 377728225 
910000 64 378568418 
912000 64 379396823 
914000 64 380220826 
916000 64 381058670 
918000 64 381892982 
920000 64 382724241 
922000 64 383554447 
924000 64 384380378 
926000 64 385223033 
928000 64 386040859 
930000 64 386883086 
932000 64 387709387 
934000 64 388546830 
936000 64 389367384 
938000 64 390215272 
940000 64 391042200 
942000 64 391868039 
944000 64 392705005 
946000 64 393533526 
948000 64 394370852 
950000 64 395198867 
952000 64 396039039 
954000 64 396867842 
956000 64 397686846 
958000 64 398525220 
960000 64 399355048 
962000 64 400194688 
964000 64 401029790 
966000 64 401855012 
968000 64 402689677 
970000 64 403521075 
972000 64 404347566 
974000 64 405184071 
976000 64 406011244 
978000 64 406856696 
980000 64 407681901 
982000 64 408509884 
984000 64 409353802 
986000 64 410173944 
988000 64 411002649 
990000 64 411833166 
992000 64 412675444 
994000 64 413502981 
996000 64 414340120 
998000 64 415167442 
1000000 64 415998470 
1002000 64 416835575 
1004000 64 417660822 
1006000 64 418497005 
1008000 64 419326172 
1010000 64 420160115 
1012000 64 420992298 
1014000 64 421831356 
1016000 64 422654889 
1018000 64 423485900 
1020000 64 424321648 
1022000 64 425153964 
1024000 64 425979792 
1026000 64 426819499 
1028000 64 427642473 
1030000 64 428479842 
1032000 64 429307638 
1034000 64 430138086 
1036000 64 430974639 
1038000 64 431806259 
1040000 64 432633668 
1042000 64 433476927 
1044000 64 434301962 
1046000 64 435133195 
1048000 64 435969416 
1050000 64 436800616 
1052000 64 437633544 
1054000 64 438465179 
1056000 64 439297059 
1058000 64 440130945 
1060000 64 440965610 
1062000 64 441784887 
1064000 64 442622476 
1066000 64 443457033 
1068000 64 444300573 
1070000 64 445118547 
1072000 64 445953786 
1074000 64 446784551 
1076000 64 447620881 
1078000 64 448449452 
1080000 64 449276833 
1082000 64 450114730 
1084000 64 450948660 
1086000 64 451771972 
1088000 64 452613986 
1090000 64 453441611 
1092000 64 454273354 
1094000 64 455097273 
1096000 64 455935662 
1098000 64 456773396 
1100000 64 457597189 
1102000 64 458435530 
1104000 64 459263827 
1106000 64 460091886 
1108000 64 460927819 
1110000 64 461760608 
1112000 64 462593411 
1114000 64 463427256 
1116000 64 464257322 
1118000 64 465087247 
1120000 64 465921702 
1122000 64 466750305 
1124000 64 467580758 
1126000 64 468417697 
1128000 64 469246490 
1130000 64 470079741 
1132000 64 470910417 
1134000 64 471738927 
1136000 64 472571418 
1138000 64 473411229 
1140000 64 474238458 
1142000 64 475067818 
1144000 64 475900266 
1146000 64 476736416 
1148000 64 477564928 
1150000 64 478407306 
1152000 64 479229469 
1154000 64 480062275 
1156000 64 480903194 
1158000 64 481727450 
1160000 64 482558146 
1162000 64 483389337 
1164000 64 484227049 
1166000 64 485057842 
1168000 64 485889631 
1170000 64 486725667 
1172000 64 487563893 
1174000 64 488383271 
1176000 64 489215638 
1178000 64 490041955 
1180000 64 490876894 
1182000 64 491711613 
1184000 64 492548614 
1186000 64 493383454 
1188000 64 494205219 
1190000 64 495037399 
1192000 64 495871875 
1194000 64 496711299 
1196000 64 497542293 
1198000 64 498371549 
1200000 64 499202595 
1202000 64 500026282 
1204000 64 500867307 
1206000 64 501699564 
1208000 64 502527732 
1210000 64 503355513 
1212000 64 504186707 
1214000 64 505026263 
1216000 64 505859082 
1218000 64 506688487 
1220000 64 507524370 
1222000 64 508358653 
1224000 64 509189142 
1226000 64 510014915 
1228000 64 510846856 
1230000 64 511677645 
1232000 64 512512086 
1234000 64 513345131 
1236000 64 514176125 
1238000 64 515007002 
1240000 64 515840709 
1242000 64 516675694 
1244000 64 517494726 
1246000 64 518336640 
1248000 64 519161737 
1250000 64 519997400 
1252000 64 520830600 
1254000 64 521668685 
1256000 64 522498078 
1258000 64 523325530 
1260000 64 524163281 
1262000 64 524987382 
1264000 64 525827342 
1266000 64 526653083 
1268000 64 527486292 
1270000 64 528320022 
1272000 64 529155359 
1274000 64 529984365 
1276000 64 530817728 
1278000 64 531650003 
1280000 64 532482937 
1282000 64 533315505 
1284000 64 534140322 
1286000 64 534980267 
1288000 64 535802636 
1290000 64 536648765 
1292000 64 537481317 
1294000 64 538297480 
1296000 64 539140052 
1298000 64 539959303 
1300000 64 540799021 
1302000 64 541637282 
1304000 64 542467127 
1306000 64 543297785 
1308000 64 544126005 
1310000 64 544971547 
1312000 64 545791244 
1314000 64 546626272 
1316000 64 547451318 
1318000 64 548287577 
1320000 64 549120959 
1322000 64 549945781 
1324000 64 550790054 
1326000 64 551608307 
1328000 64 552451880 
1330000 64 553275602 
1332000 64 554110192 
1334000 64 554945295 
1336000 64 555780431 
1338000 64 556605102 
1340000 64 557434012 
1342000 64 558273620 
1344000 64 559102706 
1346000 64 559937928 
1348000 64 560777609 
1350000 64 561609416 
1352000 64 562432473 
1354000 64 563263423 
1356000 64 564090269 
1358000 64 564929128 
1360000 64 565761226 
1362000 64 566588463 
1364000 64 567426983 
1366000 64 568252166 
1368000 64 569088279 
1370000 64 569916903 
1372000 64 570758166 
1374000 64 571580666 
1376000 64 572407173 
1378000 64 573234472 
1380000 64 574079136 
1382000 64 574917116 
1384000 64 575751108 
1386000 64 576568415 
1388000 64 577402212 
1390000 64 578225495 
1392000 64 579077257 
1394000 64 579905208 
1396000 64 580739458 
1398000 64 581569493 
1400000 64 582401053 
1402000 64 583233569 
1404000 64 584069955 
1406000 64 584892037 
1408000 64 585729284 
1410000 64 586556002 
1412000 64 587386277 
1414000 64 588230660 
1416000 64 589065874 
1418000 64 589890918 
1420000 64 590722152 
1422000 64 591549976 
1424000 64 592380776 
1426000 64 593219888 
1428000 64 594052609 
1430000 64 594880837 
1432000 64 595707823 
1434000 64 596543278 
1436000 64 597376386 
1438000 64 598208718 
1440000 64 599047874 
1442000 64 599873638 
1444000 64 600703624 
1446000 64 601537612 
1448000 64 602374175 
1450000 64 603197252 
1452000 64 604031351 
1454000 64 604860750 
1456000 64 605695236 
1458000 64 606525311 
1460000 64 607366357 
1462000 64 608187456 
1464000 64 609030111 
1466000 64 609855608 
1468000 64 610686058 
1470000 64 611518259 
1472000 64 612357916 
1474000 64 613192025 
1476000 64 614015376 
1478000 64 614849543 
1480000 64 615674034 
1482000 64 616509355 
1484000 64 617339888 
1486000 64 618177329 
1488000 64 619017269 
1490000 64 619843609 
1492000 64 620674482 
1494000 64 621507074 
1496000 64 622331460 
1498000 64 623172770 
1500000 64 623993376 
1502000 64 624824983 
1504000 64 625661649 
1506000 64 626496827 
1508000 64 627328464 
1510000 64 628160365 
1512000 64 628993714 
1514000 64 629825883 
1516000 64 630649294 
1518000 64 631497360 
1520000 64 632318216 
1522000 64 633154126 
1524000 64 633982521 
1526000 64 634822894 
1528000 64 635647579 
1530000 64 636479640 
1532000 64 637311324 
1534000 64 638149886 
1536000 64 638974785 
1538000 64 639815298 
1540000 64 640644203 
1542000 64 641477384 
1544000 64 642302335 
1546000 64 643138932 
1548000 64 643962842 
1550000 64 644799129 
1552000 64 645628861 
1554000 64 646461143 
1556000 64 647296448 
1558000 64 648129890 
1560000 64 648965546 
1562000 64 649789029 
1564000 64 650621217 
1566000 64 651460392 
1568000 64 652289937 
1570000 64 653124359 
1572000 64 653946267 
1574000 64 654775101 
1576000 64 655616295 
1578000 64 656449406 
1580000 64 657279654 
1582000 64 658110499 
1584000 64 658943597 
1586000 64 659773660 
1588000 64 660612697 
1590000 64 661444998 
1592000 64 662271786 
1594000 64 663103066 
1596000 64 663931282 
1598000 64 664770131 
1600000 64 665608242 
1602000 64 666422307 
1604000 64 667270760 
1606000 64 668091039 
1608000 64 668929830 
1610000 64 669756490 
1612000 64 670591436 
1614000 64 671421002 
1616000 64 672255591 
1618000 64 673089865 
1620000 64 673915666 
1622000 64 674766398 
1624000 64 675591521 
1626000 64 676416607 
1628000 64 677242655 
1630000 64 678080362 
1632000 64 678919373 
1634000 64 679749517 
1636000 64 680583906 
1638000 64 681409813 
1640000 64 682236780 
1642000 64 683081184 
1644000 64 683913318 
1646000 64 684735893 
1648000 64 685567314 
1650000 64 686399687 
1652000 64 687236801 
1654000 64 688068768 
1656000 64 688890392 
1658000 64 689730994 
1660000 64 690558010 
1662000 64 691388670 
1664000 64 692226200 
1666000 64 693052421 
1668000 64 693888008 
1670000 64 694719065 
1672000 64 695546570 
1674000 64 696392810 
1676000 64 697223321 
1678000 64 698043400 
1680000 64 698883863 
1682000 64 699715267 
1684000 64 700550651 
1686000 64 701377708 
1688000 64 702205621 
1690000 64 703040956 
1692000 64 703874257 
1694000 64 704707467 
1696000 64 705530237 
1698000 64 706364533 
1700000 64 707197321 
1702000 64 708029298 
1704000 64 708854120 
1706000 64 709692840 
1708000 64 710523788 
1710000 64 711360548 
1712000 64 712196089 
1714000 64 713023027 
1716000 64 713857784 
1718000 64 714695672 
1720000 64 715522550 
1722000 64 716350978 
1724000 64 717191242 
1726000 64 718011475 
1728000 64 718845481 
1730000 64 719689569 
1732000 64 720506715 
1734000 64 721340188 
1736000 64 722188616 
1738000 64 723003369 
1740000 64 723837412 
1742000 64 724676645 
1744000 64 725510109 
1746000 64 726345584 
1748000 64 727176337 
1750000 64 728003889 
1752000 64 728824795 
1754000 64 729660718 
1756000 64 730501778 
1758000 64 731331628 
1760000 64 732152480 
1762000 64 732993359 
1764000 64 733821403 
1766000 64 734644810 
1768000 64 735481224 
1770000 64 736319681 
1772000 64 737151252 
1774000 64 737973040 
1776000 64 738814462 
1778000 64 739644484 
1780000 64 740484151 
1782000 64 741304669 
1784000 64 742148186 
1786000 64 742981416 
1788000 64 743800317 
1790000 64 744639931 
1792000 64 745467856 
1794000 64 746318090 
1796000 64 747132688 
1798000 64 747968557 
1800000 64 748795217 
1802000 64 749623379 
1804000 64 750475636 
1806000 64 751297762 
1808000 64 752121798 
1810000 64 752959844 
1812000 64 753792959 
1814000 64 754631088 
1816000 64 755450431 
1818000 64 756289773 
1820000 64 757120343 
1822000 64 757950688 
1824000 64 758779404 
1826000 64 759619373 
1828000 64 760450810 
1830000 64 761275889 
1832000 64 762106056 
1834000 64 762949514 
1836000 64 763778547 
1838000 64 764598340 
1840000 64 765448426 
1842000 64 766278019 
1844000 64 767103404 
1846000 64 767938593 
1848000 64 768762631 
1850000 64 769592620 
1852000 64 770429414 
1854000 64 771259078 
1856000 64 772093251 
1858000 64 772928085 
1860000 64 773757164 
1862000 64 774602224 
1864000 64 775418087 
1866000 64 776251900 
1868000 64 777079621 
1870000 64 777924096 
1872000 64 778748781 
1874000 64 779584592 
1876000 64 780421423 
1878000 64 781246500 
1880000 64 782087993 
1882000 64 782907421 
1884000 64 783750380 
1886000 64 784575793 
1888000 64 785411343 
1890000 64 786228599 
1892000 64 787067833 
1894000 64 787908931 
1896000 64 788729217 
1898000 64 789565794 
1900000 64 790397147 
1902000 64 791246173 
1904000 64 792073752 
1906000 64 792898112 
1908000 64 793726473 
1910000 64 794564721 
1912000 64 795398350 
1914000 64 796221571 
1916000 64 797048305 
1918000 64 797887292 
1920000 64 798729343 
1922000 64 799560037 
1924000 64 800377635 
1926000 64 801213773 
1928000 64 802048897 
1930000 64 802879399 
1932000 64 803721157 
1934000 64 804549581 
1936000 64 805382865 
1938000 64 806210704 
1940000 64 807036459 
1942000 64 807868216 
1944000 64 808697083 
1946000 64 809526251 
1948000 64 810370262 
1950000 64 811198736 
1952000 64 812039680 
1954000 64 812865665 
1956000 64 813694796 
1958000 64 814530612 
1960000 64 815350701 
1962000 64 816190334 
1964000 64 817014743 
1966000 64 817855891 
1968000 64 818684046 
1970000 64 819516136 
1972000 64 820357245 
1974000 64 821187418 
1976000 64 822017146 
1978000 64 822849708 
1980000 64 823676402 
1982000 64 824508463 
1984000 64 825348135 
1986000 64 826180373 
1988000 64 827008238 
1990000 64 827837245 
1992000 64 828674507 
1994000 64 829486103 
1996000 64 830329360 
1998000 64 831166938 
2000000 64 832005754 
