1000 64 416240 
2000 64 832261 
3000 64 1247871 
4000 64 1664197 
5000 64 2079905 
6000 64 2496059 
7000 64 2911977 
8000 64 3328024 
9000 64 3744394 
10000 64 4160019 
11000 64 4576400 
12000 64 4991749 
13000 64 5408029 
14000 64 5824193 
15000 64 6240633 
16000 64 6656640 
17000 64 7071795 
18000 64 7487594 
19000 64 7904592 
20000 64 8319933 
21000 64 8735401 
22000 64 9151512 
23000 64 9567914 
24000 64 9983159 
25000 64 10400315 
26000 64 10816493 
27000 64 11231779 
28000 64 11647686 
29000 64 12064392 
30000 64 12479740 
31000 64 12894970 
32000 64 13312268 
33000 64 13728746 
34000 64 14142485 
35000 64 14559843 
36000 64 14975869 
37000 64 15391922 
38000 64 15808329 
39000 64 16224616 
40000 64 16640418 
41000 64 17056842 
42000 64 17473492 
43000 64 17886952 
44000 64 18305009 
45000 64 18720006 
46000 64 19136483 
47000 64 19552234 
48000 64 19968315 
49000 64 20384826 
50000 64 20800336 
51000 64 21215318 
52000 64 21632928 
53000 64 22046226 
54000 64 22466881 
55000 64 22880224 
56000 64 23294353 
57000 64 23711050 
58000 64 24127017 
59000 64 24542541 
60000 64 24959826 
61000 64 25376228 
62000 64 25792413 
63000 64 26208107 
64000 64 26624356 
65000 64 27039894 
66000 64 27457132 
67000 64 27871848 
68000 64 28286677 
69000 64 28703175 
70000 64 29121496 
71000 64 29536433 
72000 64 29951769 
73000 64 30368267 
74000 64 30785058 
75000 64 31199259 
76000 64 31617461 
77000 64 32032140 
78000 64 32450524 
79000 64 32865209 
80000 64 33280895 
81000 64 33696884 
82000 64 34112651 
83000 64 34527236 
84000 64 34944420 
85000 64 35357362 
86000 64 35775892 
87000 64 36190869 
88000 64 36605453 
89000 64 37023188 
90000 64 37438200 
91000 64 37856944 
92000 64 38272422 
93000 64 38687796 
94000 64 39104493 
95000 64 39519529 
96000 64 39937684 
97000 64 40353959 
98000 64 40769684 
99000 64 41184511 
100000 64 41600043 
101000 64 42015560 
102000 64 42430015 
103000 64 42848506 
104000 64 43266325 
105000 64 43681503 
106000 64 44097565 
107000 64 44510379 
108000 64 44928311 
109000 64 45343737 
110000 64 45762188 
111000 64 46176748 
112000 64 46589664 
113000 64 47010028 
114000 64 47421994 
115000 64 47837461 
116000 64 48254757 
117000 64 48669697 
118000 64 49086679 
119000 64 49504370 
120000 64 49919097 
121000 64 50333167 
122000 64 50751617 
123000 64 51166214 
124000 64 51585823 
125000 64 51998340 
126000 64 52414583 
127000 64 52830856 
128000 64 53245696 
129000 64 53662111 
130000 64 54078154 
131000 64 54496747 
132000 64 54911738 
133000 64 55329715 
134000 64 55742568 
135000 64 56160214 
136000 64 56575745 
137000 64 56990347 
138000 64 57406082 
139000 64 57825591 
140000 64 58241927 
141000 64 58656102 
142000 64 59071940 
143000 64 59487647 
144000 64 59903763 
145000 64 60319162 
146000 64 60738780 
147000 64 61149268 
148000 64 61570651 
149000 64 61984641 
150000 64 62398781 
151000 64 62814362 
152000 64 63233136 
153000 64 63649340 
154000 64 64063878 
155000 64 64479359 
156000 64 64895632 
157000 64 65314469 
158000 64 65730454 
159000 64 66144918 
160000 64 66562496 
161000 64 66974491 
162000 64 67393691 
163000 64 67807886 
164000 64 68223091 
165000 64 68637848 
166000 64 69056388 
167000 64 69470267 
168000 64 69887599 
169000 64 70304775 
170000 64 70718977 
171000 64 71135451 
172000 64 71551453 
173000 64 71969200 
174000 64 72381964 
175000 64 72799402 
176000 64 73216964 
177000 64 73635139 
178000 64 74050609 
179000 64 74463985 
180000 64 74882398 
181000 64 75295586 
182000 64 75711110 
183000 64 76126321 
184000 64 76543746 
185000 64 76961858 
186000 64 77373455 
187000 64 77789606 
188000 64 78209281 
189000 64 78624575 
190000 64 79041342 
191000 64 79454565 
192000 64 79873142 
193000 64 80289424 
194000 64 80706394 
195000 64 81117887 
196000 64 81537272 
197000 64 81949133 
198000 64 82369913 
199000 64 82786870 
200000 64 83199270 
201000 64 83615514 
202000 64 84033564 
203000 64 84447467 
204000 64 84867605 
205000 64 85283090 
206000 64 85695199 
207000 64 86112792 
208000 64 86531545 
209000 64 86944183 
210000 64 87356261 
211000 64 87774476 
212000 64 88192520 
213000 64 88609147 
214000 64 89023547 
215000 64 89440039 
216000 64 89858025 
217000 64 90272387 
218000 64 90688772 
219000 64 91106634 
220000 64 91518708 
221000 64 91936751 
222000 64 92351962 
223000 64 92767536 
224000 64 93181747 
225000 64 93602612 
226000 64 94016271 
227000 64 94431499 
228000 64 94845710 
229000 64 95261882 
230000 64 95678706 
231000 64 96097852 
232000 64 96511984 
233000 64 96930915 
234000 64 97342013 
235000 64 97764590 
236000 64 98178260 
237000 64 98595222 
238000 64 99006068 
239000 64 99423139 
240000 64 99835789 
241000 64 100256509 
242000 64 100672377 
243000 64 101091717 
244000 64 101505930 
245000 64 101923694 
246000 64 102336866 
247000 64 102753133 
248000 64 103168305 
249000 64 103585761 
250000 64 104000033 
251000 64 104415182 
252000 64 104833040 
253000 64 105249824 
254000 64 105663134 
255000 64 106080782 
256000 64 106495920 
257000 64 106911431 
258000 64 107328223 
259000 64 107745380 
260000 64 108158510 
261000 64 108582446 
262000 64 108993225 
263000 64 109408315 
264000 64 109824340 
265000 64 110243705 
266000 64 110655117 
267000 64 111072954 
268000 64 111487712 
269000 64 111902827 
270000 64 112319866 
271000 64 112740226 
272000 64 113152277 
273000 64 113569222 
274000 64 113984075 
275000 64 114397869 
276000 64 114819681 
277000 64 115235032 
278000 64 115648438 
279000 64 116064589 
280000 64 116476874 
281000 64 116895158 
282000 64 117312758 
283000 64 117729686 
284000 64 118143233 
285000 64 118561285 
286000 64 118975799 
287000 64 119390791 
288000 64 119806100 
289000 64 120225146 
290000 64 120637450 
291000 64 121053665 
292000 64 121471798 
293000 64 121885810 
294000 64 122302258 
295000 64 122722285 
296000 64 123134594 
297000 64 123553897 
298000 64 123966218 
299000 64 124384375 
300000 64 124797583 
301000 64 125215745 
302000 64 125631508 
303000 64 126049963 
304000 64 126463758 
305000 64 126876796 
306000 64 127290893 
307000 64 127712874 
308000 64 128130466 
309000 64 128542763 
310000 64 128955018 
311000 64 129373409 
312000 64 129793732 
313000 64 130211088 
314000 64 130625675 
315000 64 131039229 
316000 64 131458304 
317000 64 131873529 
318000 64 132288111 
319000 64 132706181 
320000 64 133124370 
321000 64 133537543 
322000 64 133949778 
323000 64 134371762 
324000 64 134783205 
325000 64 135199622 
326000 64 135618875 
327000 64 136032140 
328000 64 136447937 
329000 64 136865395 
330000 64 137281936 
331000 64 137698357 
332000 64 138111904 
333000 64 138528282 
334000 64 138944745 
335000 64 139356189 
336000 64 139777826 
337000 64 140190017 
338000 64 140608294 
339000 64 141021738 
340000 64 141443002 
341000 64 141854935 
342000 64 142275057 
343000 64 142689801 
344000 64 143102112 
345000 64 143519707 
346000 64 143931515 
347000 64 144352369 
348000 64 144770147 
349000 64 145190276 
350000 64 145594612 
351000 64 146016277 
352000 64 146433110 
353000 64 146855301 
354000 64 147262087 
355000 64 147677921 
356000 64 148095647 
357000 64 148513902 
358000 64 148930288 
359000 64 149342233 
360000 64 149758104 
361000 64 150175561 
362000 64 150596407 
363000 64 151005920 
364000 64 151419312 
365000 64 151837899 
366000 64 152256002 
367000 64 152670110 
368000 64 153087983 
369000 64 153499442 
370000 64 153919865 
371000 64 154335677 
372000 64 154753210 
373000 64 155169114 
374000 64 155590011 
375000 64 156001630 
376000 64 156415307 
377000 64 156833256 
378000 64 157245264 
379000 64 157663406 
380000 64 158079376 
381000 64 158496745 
382000 64 158911021 
383000 64 159329398 
384000 64 159747633 
385000 64 160156058 
386000 64 160578375 
387000 64 160994792 
388000 64 161407106 
389000 64 161823617 
390000 64 162237848 
391000 64 162657065 
392000 64 163069967 
393000 64 163488895 
394000 64 163903484 
395000 64 164319541 
396000 64 164736500 
397000 64 165151630 
398000 64 165566600 
399000 64 165985134 
400000 64 166399417 
401000 64 166814299 
402000 64 167231011 
403000 64 167649862 
404000 64 168066136 
405000 64 168478643 
406000 64 168895050 
407000 64 169310641 
408000 64 169726772 
409000 64 170143226 
410000 64 170566472 
411000 64 170973665 
412000 64 171394475 
413000 64 171808809 
414000 64 172226930 
415000 64 172642919 
416000 64 173053717 
417000 64 173472390 
418000 64 173890277 
419000 64 174303027 
420000 64 174722367 
421000 64 175137089 
422000 64 175550639 
423000 64 175966996 
424000 64 176385863 
425000 64 176796464 
426000 64 177215700 
427000 64 177636789 
428000 64 178050753 
429000 64 178462328 
430000 64 178881727 
431000 64 179300021 
432000 64 179714372 
433000 64 180124776 
434000 64 180537943 
435000 64 180961284 
436000 64 181375733 
437000 64 181785861 
438000 64 182207848 
439000 64 182622925 
440000 64 183043115 
441000 64 183454220 
442000 64 183872033 
443000 64 184284067 
444000 64 184706922 
445000 64 185117273 
446000 64 185532508 
447000 64 185953598 
448000 64 186364042 
449000 64 186784473 
450000 64 187198055 
451000 64 187617977 
452000 64 188036812 
453000 64 188452120 
454000 64 188860196 
455000 64 189280803 
456000 64 189698578 
457000 64 190113566 
458000 64 190524255 
459000 64 190942369 
460000 64 191361549 
461000 64 191777096 
462000 64 192186172 
463000 64 192605389 
464000 64 193027861 
465000 64 193441777 
466000 64 193857587 
467000 64 194273593 
468000 64 194687950 
469000 64 195099943 
470000 64 195519142 
471000 64 195935028 
472000 64 196351002 
473000 64 196764767 
474000 64 197184815 
475000 64 197601687 
476000 64 198020152 
477000 64 198431895 
478000 64 198848510 
479000 64 199265529 
480000 64 199682218 
481000 64 200092641 
482000 64 200512083 
483000 64 200926876 
484000 64 201345302 
485000 64 201760285 
486000 64 202176127 
487000 64 202593258 
488000 64 203004521 
489000 64 203427451 
490000 64 203836432 
491000 64 204255381 
492000 64 204675082 
493000 64 205083976 
494000 64 205502122 
495000 64 205917244 
496000 64 206331480 
497000 64 206749735 
498000 64 207163679 
499000 64 207578211 
500000 64 208002652 
501000 64 208419117 
502000 64 208828169 
503000 64 209247730 
504000 64 209666312 
505000 64 210080146 
506000 64 210489549 
507000 64 210905625 
508000 64 211329930 
509000 64 211741295 
510000 64 212157436 
511000 64 212573846 
512000 64 212991247 
513000 64 213414341 
514000 64 213818293 
515000 64 214237160 
516000 64 214661747 
517000 64 215068339 
518000 64 215492002 
519000 64 215908141 
520000 64 216313461 
521000 64 216730077 
522000 64 217146678 
523000 64 217567485 
524000 64 217985732 
525000 64 218397579 
526000 64 218814901 
527000 64 219233325 
528000 64 219652179 
529000 64 220065561 
530000 64 220482447 
531000 64 220898060 
532000 64 221311402 
533000 64 221727039 
534000 64 222138009 
535000 64 222558314 
536000 64 222980894 
537000 64 223390352 
538000 64 223804619 
539000 64 224220693 
540000 64 224633715 
541000 64 225055872 
542000 64 225476303 
543000 64 225889600 
544000 64 226301546 
545000 64 226720888 
546000 64 227135158 
547000 64 227551620 
548000 64 227974633 
549000 64 228384414 
550000 64 228802500 
551000 64 229216360 
552000 64 229633318 
553000 64 230050143 
554000 64 230460518 
555000 64 230881988 
556000 64 231294089 
557000 64 231708761 
558000 64 232124913 
559000 64 232541849 
560000 64 232960249 
561000 64 233379939 
562000 64 233788297 
563000 64 234203674 
564000 64 234628941 
565000 64 235040021 
566000 64 235459029 
567000 64 235871826 
568000 64 236288633 
569000 64 236706127 
570000 64 237120694 
571000 64 237536079 
572000 64 237948887 
573000 64 238370982 
574000 64 238786387 
575000 64 239204187 
576000 64 239617097 
577000 64 240033287 
578000 64 240451476 
579000 64 240862560 
580000 64 241282395 
581000 64 241692044 
582000 64 242116225 
583000 64 242529870 
584000 64 242945267 
585000 64 243362644 
586000 64 243779014 
587000 64 244187002 
588000 64 244615207 
589000 64 245025415 
590000 64 245438857 
591000 64 245857326 
592000 64 246270458 
593000 64 246687914 
594000 64 247105771 
595000 64 247524077 
596000 64 247933607 
597000 64 248347747 
598000 64 248768942 
599000 64 249184991 
600000 64 249599090 
601000 64 250016315 
602000 64 250433309 
603000 64 250848648 
604000 64 251268463 
605000 64 251680819 
606000 64 252095820 
607000 64 252517243 
608000 64 252931671 
609000 64 253345164 
610000 64 253758923 
611000 64 254179506 
612000 64 254597253 
613000 64 255006189 
614000 64 255423366 
615000 64 255837422 
616000 64 256261577 
617000 64 256664485 
618000 64 257084097 
619000 64 257503907 
620000 64 257917946 
621000 64 258333329 
622000 64 258752087 
623000 64 259170115 
624000 64 259589544 
625000 64 260004142 
626000 64 260416145 
627000 64 260829565 
628000 64 261251440 
629000 64 261657980 
630000 64 262077457 
631000 64 262495907 
632000 64 262914695 
633000 64 263331381 
634000 64 263752447 
635000 64 264164061 
636000 64 264575312 
637000 64 264993633 
638000 64 265409064 
639000 64 265823011 
640000 64 266245997 
641000 64 266651818 
642000 64 267071753 
643000 64 267486693 
644000 64 267904654 
645000 64 268321463 
646000 64 268738028 
647000 64 269152194 
648000 64 269570628 
649000 64 269980338 
650000 64 270403524 
651000 64 270816106 
652000 64 271231993 
653000 64 271647043 
654000 64 272061973 
655000 64 272485247 
656000 64 272894672 
657000 64 273310589 
658000 64 273726762 
659000 64 274147907 
660000 64 274558089 
661000 64 274972635 
662000 64 275389202 
663000 64 275806569 
664000 64 276222255 
665000 64 276635525 
666000 64 277060777 
667000 64 277475086 
668000 64 277887545 
669000 64 278302209 
670000 64 278725178 
671000 64 279136806 
672000 64 279555862 
673000 64 279966609 
674000 64 280380338 
675000 64 280797699 
676000 64 281218098 
677000 64 281636520 
678000 64 282055501 
679000 64 282465812 
680000 64 282878312 
681000 64 283304058 
682000 64 283709595 
683000 64 284129032 
684000 64 284542354 
685000 64 284961605 
686000 64 285376375 
687000 64 285790811 
688000 64 286212987 
689000 64 286623943 
690000 64 287040581 
691000 64 287456610 
692000 64 287864665 
693000 64 288283932 
694000 64 288705030 
695000 64 289121374 
696000 64 289538043 
697000 64 289945663 
698000 64 290369018 
699000 64 290784647 
700000 64 291198347 
701000 64 291620174 
702000 64 292027496 
703000 64 292452863 
704000 64 292865522 
705000 64 293277026 
706000 64 293694581 
707000 64 294115119 
708000 64 294524921 
709000 64 294938168 
710000 64 295358030 
711000 64 295777173 
712000 64 296191608 
713000 64 296609787 
714000 64 297023928 
715000 64 297442811 
716000 64 297856786 
717000 64 298269776 
718000 64 298688303 
719000 64 299099852 
720000 64 299519968 
721000 64 299935039 
722000 64 300356592 
723000 64 300768829 
724000 64 301182963 
725000 64 301596578 
726000 64 302013851 
727000 64 302435292 
728000 64 302850220 
729000 64 303265295 
730000 64 303679689 
731000 64 304100241 
732000 64 304512726 
733000 64 304928865 
734000 64 305344413 
735000 64 305753297 
736000 64 306176194 
737000 64 306594518 
738000 64 307006066 
739000 64 307427163 
740000 64 307841008 
741000 64 308254552 
742000 64 308673917 
743000 64 309091572 
744000 64 309499569 
745000 64 309914877 
746000 64 310341153 
747000 64 310752382 
748000 64 311168621 
749000 64 311583116 
750000 64 312006658 
751000 64 312412510 
752000 64 312828976 
753000 64 313243101 
754000 64 313671867 
755000 64 314080441 
756000 64 314503610 
757000 64 314917333 
758000 64 315329695 
759000 64 315749471 
760000 64 316158819 
761000 64 316574077 
762000 64 316995362 
763000 64 317403080 
764000 64 317827102 
765000 64 318238098 
766000 64 318662774 
767000 64 319070933 
768000 64 319487429 
769000 64 319899871 
770000 64 320322286 
771000 64 320739644 
772000 64 321145789 
773000 64 321566600 
774000 64 321984037 
775000 64 322397633 
776000 64 322817540 
777000 64 323232687 
778000 64 323649542 
779000 64 324060947 
780000 64 324477347 
781000 64 324899381 
782000 64 325315151 
783000 64 325732597 
784000 64 326140918 
785000 64 326558922 
786000 64 326979438 
787000 64 327390058 
788000 64 327807175 
789000 64 328228475 
790000 64 328646176 
791000 64 329056859 
792000 64 329473054 
793000 64 329888454 
794000 64 330303135 
795000 64 330720752 
796000 64 331136172 
797000 64 331557160 
798000 64 331963413 
799000 64 332384867 
800000 64 332796221 
801000 64 333220624 
802000 64 333635577 
803000 64 334044949 
804000 64 334461476 
805000 64 334880274 
806000 64 335296680 
807000 64 335713418 
808000 64 336125941 
809000 64 336540363 
810000 64 336958247 
811000 64 337380235 
812000 64 337801958 
813000 64 338208173 
814000 64 338627241 
815000 64 339043400 
816000 64 339459588 
817000 64 339878041 
818000 64 340287342 
819000 64 340702625 
820000 64 341118932 
821000 64 341537561 
822000 64 341951287 
823000 64 342364961 
824000 64 342780469 
825000 64 343199684 
826000 64 343615112 
827000 64 344033287 
828000 64 344452112 
829000 64 344857229 
830000 64 345281718 
831000 64 345699985 
832000 64 346111490 
833000 64 346524423 
834000 64 346943763 
835000 64 347360670 
836000 64 347774384 
837000 64 348190041 
838000 64 348608051 
839000 64 349022866 
840000 64 349438247 
841000 64 349859772 
842000 64 350276107 
843000 64 350688849 
844000 64 351101439 
845000 64 351523452 
846000 64 351939698 
847000 64 352359175 
848000 64 352765910 
849000 64 353185936 
850000 64 353599961 
851000 64 354017157 
852000 64 354430308 
853000 64 354854183 
854000 64 355258217 
855000 64 355683854 
856000 64 356092301 
857000 64 356514589 
858000 64 356928744 
859000 64 357340143 
860000 64 357756361 
861000 64 358175693 
862000 64 358599109 
863000 64 359006349 
864000 64 359424361 
865000 64 359839894 
866000 64 360252493 
867000 64 360666479 
868000 64 361091499 
869000 64 361497102 
870000 64 361932866 
871000 64 362342802 
872000 64 362754861 
873000 64 363166732 
874000 64 363591917 
875000 64 364002235 
876000 64 364418254 
877000 64 364831320 
878000 64 365246903 
879000 64 365670880 
880000 64 366083552 
881000 64 366490529 
882000 64 366911016 
883000 64 367324472 
884000 64 367743053 
885000 64 368164565 
886000 64 368575561 
887000 64 368992595 
888000 64 369409488 
889000 64 369820689 
890000 64 370244982 
891000 64 370663130 
892000 64 371078407 
893000 64 371485636 
894000 64 371905511 
895000 64 372316215 
896000 64 372732653 
897000 64 373147421 
898000 64 373573825 
899000 64 373979967 
900000 64 374403446 
901000 64 374816024 
902000 64 375226734 
903000 64 375641966 
904000 64 376066193 
905000 64 376484376 
906000 64 376896220 
907000 64 377315951 
908000 64 377729846 
909000 64 378155123 
910000 64 378557241 
911000 64 378973774 
912000 64 379402191 
913000 64 379814582 
914000 64 380225326 
915000 64 380632176 
916000 64 381052526 
917000 64 381470602 
918000 64 381890868 
919000 64 382309383 
920000 64 382724913 
921000 64 383133867 
922000 64 383552680 
923000 64 383964604 
924000 64 384382505 
925000 64 384803486 
926000 64 385212911 
927000 64 385633146 
928000 64 386054081 
929000 64 386465550 
930000 64 386875503 
931000 64 387295918 
932000 64 387708662 
933000 64 388126357 
934000 64 388546854 
935000 64 388952126 
936000 64 389386412 
937000 64 389792766 
938000 64 390208682 
939000 64 390617410 
940000 64 391044640 
941000 64 391451920 
942000 64 391875133 
943000 64 392292584 
944000 64 392697006 
945000 64 393117008 
946000 64 393535438 
947000 64 393951380 
948000 64 394369131 
949000 64 394785024 
950000 64 395192280 
951000 64 395617076 
952000 64 396032392 
953000 64 396452288 
954000 64 396863977 
955000 64 397281897 
956000 64 397694093 
957000 64 398122755 
958000 64 398527104 
959000 64 398954357 
960000 64 399354824 
961000 64 399778591 
962000 64 400187875 
963000 64 400602637 
964000 64 401024760 
965000 64 401439018 
966000 64 401853891 
967000 64 402270203 
968000 64 402680477 
969000 64 403101065 
970000 64 403521349 
971000 64 403927074 
972000 64 404356316 
973000 64 404769312 
974000 64 405175856 
975000 64 405595889 
976000 64 406013522 
977000 64 406428290 
978000 64 406853958 
979000 64 407266164 
980000 64 407680925 
981000 64 408096376 
982000 64 408508888 
983000 64 408933829 
984000 64 409344838 
985000 64 409759200 
986000 64 410163410 
987000 64 410589616 
988000 64 411003952 
989000 64 411419732 
990000 64 411849084 
991000 64 412253972 
992000 64 412677575 
993000 64 413090016 
994000 64 413500458 
995000 64 413925890 
996000 64 414337736 
997000 64 414746633 
998000 64 415165820 
999000 64 415586654 
1000000 64 415994653 
