1000 64 416307 416339 416289 416166 416168 
2000 64 832487 832477 832427 832220 832271 
3000 64 1248266 1248129 1247866 1248237 1248059 
4000 64 1664012 1664701 1664581 1664459 1664587 
5000 64 2080350 2080025 2079971 2080158 2079974 
6000 64 2496161 2496759 2496153 2496213 2496297 
7000 64 2912218 2912676 2911738 2912303 2913068 
8000 64 3328655 3328436 3328143 3329052 3328167 
9000 64 3743786 3745286 3743911 3743866 3743623 
10000 64 4160097 4160371 4160574 4159777 4159870 
11000 64 4575703 4576560 4577037 4576591 4576319 
12000 64 4991795 4991783 4991769 4992948 4991815 
13000 64 5408011 5409287 5408060 5408125 5407908 
14000 64 5824538 5823235 5824722 5824807 5823862 
15000 64 6240501 6239270 6239825 6239550 6241090 
16000 64 6656819 6655584 6656481 6656316 6656017 
17000 64 7072403 7072288 7072885 7071466 7071605 
18000 64 7487963 7488620 7488734 7488675 7489201 
19000 64 7903861 7904369 7904854 7905659 7903898 
20000 64 8320268 8320518 8319957 8320330 8319870 
21000 64 8736828 8736316 8735737 8736275 8736585 
22000 64 9151758 9151787 9152480 9152515 9152424 
23000 64 9568618 9568086 9568976 9568161 9568108 
24000 64 9984474 9984247 9984319 9985097 9984052 
25000 64 10400513 10400779 10399898 10400761 10399792 
26000 64 10816162 10816641 10817192 10816515 10815629 
27000 64 11230769 11232571 11233102 11231515 11233135 
28000 64 11648110 11648499 11647661 11648080 11648394 
29000 64 12064027 12063833 12063860 12064984 12064094 
30000 64 12480115 12480357 12479869 12479734 12479836 
31000 64 12896064 12896508 12896350 12895673 12895798 
32000 64 13311611 13311578 13311166 13310790 13312924 
33000 64 13728591 13728218 13726928 13728011 13728951 
34000 64 14145159 14144041 14145175 14143963 14144871 
35000 64 14560195 14561171 14560544 14560243 14559102 
36000 64 14977672 14975222 14976154 14976298 14974591 
37000 64 15392836 15392009 15394105 15393092 15391560 
38000 64 15808360 15806944 15805389 15807117 15807255 
39000 64 16224637 16223822 16224206 16223178 16225712 
40000 64 16640637 16640401 16641504 16640617 16640814 
41000 64 17056598 17056828 17056583 17055292 17056852 
42000 64 17471502 17472783 17471491 17472358 17470861 
43000 64 17886054 17886954 17888453 17887997 17888317 
44000 64 18302644 18304286 18303568 18305899 18303291 
45000 64 18721406 18720268 18722090 18719599 18719074 
46000 64 19137006 19136120 19136127 19137287 19136896 
47000 64 19553209 19551441 19552233 19551693 19552391 
48000 64 19969537 19969559 19967832 19969325 19968039 
49000 64 20384055 20383743 20382789 20383523 20384131 
50000 64 20799852 20800888 20800050 20800935 20798040 
51000 64 21217427 21215934 21216141 21216385 21215887 
52000 64 21632083 21632460 21631633 21629292 21631279 
53000 64 22048032 22048026 22046977 22048331 22049926 
54000 64 22464122 22463323 22462751 22464611 22465237 
55000 64 22880293 22880331 22878401 22879173 22878083 
56000 64 23295255 23297464 23296600 23295438 23296901 
57000 64 23713564 23714230 23710513 23711390 23712104 
58000 64 24128315 24127190 24128251 24128515 24128704 
59000 64 24543077 24543600 24544367 24544686 24544051 
60000 64 24960970 24960838 24959130 24960852 24961174 
61000 64 25376751 25375626 25374785 25376532 25376593 
62000 64 25791159 25791606 25792690 25791815 25790356 
63000 64 26207204 26208105 26209070 26207874 26208996 
64000 64 26622841 26624335 26624402 26626490 26624970 
65000 64 27041287 27040602 27039927 27040625 27040683 
66000 64 27456365 27457287 27459006 27457589 27456683 
67000 64 27872306 27872240 27872715 27873046 27873694 
68000 64 28289225 28287289 28289430 28289346 28289476 
69000 64 28705029 28705738 28703054 28704177 28704715 
70000 64 29119473 29119319 29121874 29121433 29120591 
71000 64 29534644 29534562 29535247 29536647 29535481 
72000 64 29951588 29951643 29952609 29951813 29951462 
73000 64 30369640 30368062 30369233 30369022 30368082 
74000 64 30786211 30785686 30784875 30784006 30784899 
75000 64 31197804 31199914 31201129 31200672 31199342 
76000 64 31614435 31618303 31615550 31614645 31614388 
77000 64 32030696 32030623 32032538 32031944 32031890 
78000 64 32449008 32448604 32447638 32449883 32447931 
79000 64 32862617 32862670 32866634 32867293 32865376 
80000 64 33281762 33281681 33281734 33278418 33280570 
81000 64 33698221 33696076 33697189 33697679 33696141 
82000 64 34112229 34112092 34111934 34112074 34112664 
83000 64 34528977 34527246 34527985 34528947 34526486 
84000 64 34943842 34942891 34945052 34943026 34943817 
85000 64 35359780 35360493 35362893 35358600 35361049 
86000 64 35774967 35777206 35776318 35774626 35773687 
87000 64 36189551 36191639 36191060 36191997 36190267 
88000 64 36606794 36608707 36608776 36608481 36608783 
89000 64 37024151 37026516 37024209 37022393 37025899 
90000 64 37438609 37441140 37441914 37439366 37441158 
91000 64 37858569 37855516 37856750 37855182 37856690 
92000 64 38273463 38269323 38270513 38272084 38273827 
93000 64 38685426 38689030 38688390 38689990 38686812 
94000 64 39104909 39104913 39103012 39101985 39106267 
95000 64 39519304 39517948 39522719 39519333 39518003 
96000 64 39935878 39937749 39934702 39937285 39938227 
97000 64 40351819 40352247 40352960 40355333 40352747 
98000 64 40768759 40768527 40767103 40769317 40768830 
99000 64 41183402 41186480 41185602 41182500 41184949 
100000 64 41597794 41600163 41602610 41601941 41598464 
101000 64 42016071 42015548 42017446 42017235 42013134 
102000 64 42430860 42434074 42433404 42433116 42432827 
103000 64 42847874 42849562 42848196 42848058 42846423 
104000 64 43265087 43261412 43265494 43264582 43266416 
105000 64 43680459 43679588 43680360 43680837 43681056 
106000 64 44094897 44096403 44097409 44094982 44094105 
107000 64 44511442 44510789 44511691 44510964 44513067 
108000 64 44929197 44927482 44928982 44930562 44929107 
109000 64 45342955 45344576 45345110 45346476 45345495 
110000 64 45761363 45761108 45761958 45760299 45758798 
111000 64 46174838 46176979 46174816 46175850 46177189 
112000 64 46594901 46592395 46589894 46593922 46591735 
113000 64 47007147 47008408 47009717 47007781 47007152 
114000 64 47425979 47427170 47422518 47425180 47424619 
115000 64 47840792 47840675 47841749 47841094 47840669 
116000 64 48254558 48257634 48253499 48257941 48256764 
117000 64 48671686 48672840 48672252 48671880 48670493 
118000 64 49085510 49089414 49086874 49086609 49089930 
119000 64 49502160 49502988 49503336 49502412 49505257 
120000 64 49920976 49920097 49919739 49919323 49918349 
121000 64 50336420 50333703 50334351 50336511 50335738 
122000 64 50750716 50751385 50753679 50750512 50753059 
123000 64 51166862 51169773 51167866 51169613 51168738 
124000 64 51581523 51585433 51585863 51583368 51585010 
125000 64 51999134 52001270 52000241 51999238 52004779 
126000 64 52414805 52418816 52415850 52414918 52415642 
127000 64 52832830 52833863 52833469 52831413 52831891 
128000 64 53246810 53248371 53247297 53251909 53249449 
129000 64 53665053 53664102 53664880 53663688 53665136 
130000 64 54080755 54078869 54082509 54081939 54079634 
131000 64 54494530 54495287 54495541 54496881 54496229 
132000 64 54912747 54911764 54913152 54911196 54911984 
133000 64 55324132 55326974 55327685 55328624 55327570 
134000 64 55742747 55745596 55746541 55742349 55745241 
135000 64 56160325 56160196 56162103 56157779 56158239 
136000 64 56575693 56578420 56578078 56576870 56579572 
137000 64 56990427 56994466 56992302 56992130 56991683 
138000 64 57408309 57409383 57405542 57407378 57410174 
139000 64 57827084 57825297 57820809 57824080 57823364 
140000 64 58240150 58242818 58240130 58238346 58240675 
141000 64 58654629 58655835 58655835 58657983 58658149 
142000 64 59070751 59072212 59071577 59072311 59072407 
143000 64 59487716 59485830 59485807 59487879 59486980 
144000 64 59903177 59902803 59901435 59903720 59905775 
145000 64 60323738 60322295 60319970 60319936 60316444 
146000 64 60735138 60736437 60735629 60735913 60736543 
147000 64 61153701 61156846 61153226 61151716 61151855 
148000 64 61572234 61567394 61570744 61565751 61572807 
149000 64 61982248 61984447 61982956 61981738 61984117 
150000 64 62399045 62399676 62400322 62400885 62398638 
151000 64 62818522 62816729 62817627 62814053 62818223 
152000 64 63231579 63232945 63230193 63234388 63231870 
153000 64 63645828 63646153 63647946 63645528 63648915 
154000 64 64064565 64062120 64065639 64064233 64061792 
155000 64 64480530 64476818 64481675 64480877 64480926 
156000 64 64893927 64893848 64897132 64894893 64895025 
157000 64 65311094 65315980 65310635 65314028 65310701 
158000 64 65729427 65727093 65728161 65728961 65725381 
159000 64 66144397 66145128 66144589 66145917 66145414 
160000 64 66558375 66558819 66557846 66562770 66560420 
161000 64 66975051 66975406 66974340 66975501 66975493 
162000 64 67392353 67394704 67391500 67392068 67391190 
163000 64 67808684 67807845 67810701 67804556 67808697 
164000 64 68225207 68226044 68223074 68224985 68226023 
165000 64 68637479 68640343 68640811 68640227 68637593 
166000 64 69057471 69055069 69056936 69058263 69056431 
167000 64 69473526 69471256 69472312 69472015 69470164 
168000 64 69888642 69889409 69886384 69887079 69888464 
169000 64 70302260 70301965 70303328 70301658 70304386 
170000 64 70720661 70721112 70719116 70720757 70724790 
171000 64 71138901 71135627 71135100 71134836 71134650 
172000 64 71550300 71553691 71551210 71552262 71550589 
173000 64 71966705 71967554 71969931 71966635 71967108 
174000 64 72385723 72384352 72388008 72386375 72385735 
175000 64 72803238 72799502 72799900 72798237 72800843 
176000 64 73218254 73215994 73214159 73216350 73216561 
177000 64 73632685 73632614 73633318 73632823 73635853 
178000 64 74047753 74047867 74047470 74048812 74047522 
179000 64 74463203 74463487 74463924 74463509 74462555 
180000 64 74883475 74878007 74879793 74881207 74878594 
181000 64 75300414 75298015 75295536 75295607 75295293 
182000 64 75712721 75713606 75710616 75712595 75714377 
183000 64 76129368 76127173 76128167 76126904 76129466 
184000 64 76544139 76546232 76543295 76544670 76544802 
185000 64 76960352 76959971 76962410 76960407 76960882 
186000 64 77375565 77377877 77374403 77374171 77374472 
187000 64 77790358 77793161 77791995 77795007 77793731 
188000 64 78206739 78208211 78207247 78208314 78203379 
189000 64 78622422 78625269 78623033 78624465 78623062 
190000 64 79041801 79041275 79038951 79042632 79036160 
191000 64 79457412 79454386 79456760 79455433 79455552 
192000 64 79869112 79873376 79873068 79875113 79873801 
193000 64 80288072 80287196 80289541 80288055 80290855 
194000 64 80702664 80705080 80703014 80705336 80704826 
195000 64 81120252 81120217 81120202 81122397 81119930 
196000 64 81535437 81536105 81534583 81537890 81536294 
197000 64 81951922 81952721 81952347 81953294 81952895 
198000 64 82366405 82371739 82366830 82366123 82368282 
199000 64 82784896 82783783 82783648 82784127 82783945 
200000 64 83201134 83201011 83201389 83202191 83201671 
201000 64 83615562 83614854 83615898 83616701 83617672 
202000 64 84033196 84032351 84034337 84034099 84032623 
203000 64 84450421 84449128 84447570 84447531 84446275 
204000 64 84862317 84862434 84864099 84864975 84863193 
205000 64 85281279 85282788 85283348 85281865 85281397 
206000 64 85696158 85697319 85697630 85695538 85695875 
207000 64 86112248 86110755 86110709 86111207 86113338 
208000 64 86528262 86525414 86526747 86524405 86527151 
209000 64 86946099 86947578 86943885 86945317 86942965 
210000 64 87361258 87360866 87361729 87362169 87361009 
211000 64 87774565 87777548 87775773 87775559 87775370 
212000 64 88190097 88187480 88189119 88194232 88191947 
213000 64 88606681 88607128 88607632 88605538 88606277 
214000 64 89023426 89023484 89025754 89023283 89026212 
215000 64 89438901 89437287 89439141 89437900 89444301 
216000 64 89859047 89853402 89860255 89856383 89859280 
217000 64 90273102 90272568 90272566 90272533 90273268 
218000 64 90690684 90687853 90687337 90688687 90687339 
219000 64 91107778 91106363 91106166 91105729 91104360 
220000 64 91519179 91518681 91519595 91519280 91520817 
221000 64 91937322 91934181 91939361 91937418 91936319 
222000 64 92353203 92351981 92355777 92348959 92351472 
223000 64 92766395 92768256 92769550 92767729 92767361 
224000 64 93183249 93183954 93182226 93184602 93182388 
225000 64 93599739 93601717 93599607 93596745 93600848 
226000 64 94013119 94018756 94014174 94017336 94014338 
227000 64 94433756 94431124 94435127 94431107 94435885 
228000 64 94850074 94845588 94846560 94849409 94849475 
229000 64 95264019 95262903 95262975 95263683 95263378 
230000 64 95681023 95683050 95676495 95681139 95679968 
231000 64 96094145 96100897 96095634 96093346 96094242 
232000 64 96510939 96510960 96515838 96507945 96512545 
233000 64 96927409 96926067 96927600 96927734 96927203 
234000 64 97342384 97343029 97344388 97341813 97344520 
235000 64 97761420 97759801 97763127 97761222 97758954 
236000 64 98178331 98173998 98179568 98175449 98179364 
237000 64 98593242 98593994 98592827 98591396 98595123 
238000 64 99010542 99008101 99005560 99005481 99003553 
239000 64 99421399 99424505 99424434 99423221 99422976 
240000 64 99836709 99840448 99839665 99836766 99839253 
241000 64 100252603 100255481 100255260 100252126 100254457 
242000 64 100671174 100670669 100673318 100675567 100670423 
243000 64 101090017 101088903 101090385 101090471 101085946 
244000 64 101504391 101504932 101502733 101504720 101505180 
245000 64 101919871 101919529 101919310 101917661 101920483 
246000 64 102338228 102334996 102337353 102338290 102333815 
247000 64 102751489 102751137 102748294 102750564 102754618 
248000 64 103164993 103168472 103168649 103168693 103165608 
249000 64 103582399 103585258 103583674 103586314 103582866 
250000 64 103999242 103998582 104003920 103998921 103999001 
251000 64 104413679 104414795 104416668 104416654 104415704 
252000 64 104833092 104835272 104836723 104828563 104832124 
253000 64 105247998 105244503 105248711 105244364 105248963 
254000 64 105666410 105661240 105661335 105662763 105669655 
255000 64 106077914 106082230 106079667 106077254 106082963 
256000 64 106497259 106495088 106501108 106495949 106494709 
257000 64 106909360 106913235 106913543 106912562 106912552 
258000 64 107327735 107332933 107330541 107327442 107323279 
259000 64 107742765 107742093 107744676 107744059 107745066 
260000 64 108159875 108161465 108158666 108165327 108158656 
261000 64 108576324 108575606 108577167 108581057 108576861 
262000 64 108990850 108991759 108989209 108993737 108993214 
263000 64 109404914 109408777 109407632 109410110 109404770 
264000 64 109825496 109827305 109820465 109825232 109821204 
265000 64 110238885 110241550 110243685 110242142 110239963 
266000 64 110654659 110656017 110658451 110656718 110658142 
267000 64 111074586 111072423 111074572 111074733 111073251 
268000 64 111489200 111489015 111488162 111483528 111486426 
269000 64 111906055 111903680 111906911 111904886 111900149 
270000 64 112316728 112323031 112318255 112317461 112321631 
271000 64 112736517 112736049 112732173 112736260 112734323 
272000 64 113150721 113152446 113150832 113152506 113152839 
273000 64 113567994 113565011 113567297 113566356 113571249 
274000 64 113983612 113985260 113981643 113988654 113984866 
275000 64 114401045 114402699 114401393 114400803 114400853 
276000 64 114818088 114816161 114817964 114820832 114814906 
277000 64 115236443 115232067 115230484 115231374 115231599 
278000 64 115647544 115649264 115647707 115649179 115649603 
279000 64 116068756 116064900 116065546 116064259 116061280 
280000 64 116477199 116480109 116479159 116482558 116481305 
281000 64 116898411 116894386 116894581 116896241 116896721 
282000 64 117313085 117308586 117311767 117310444 117312437 
283000 64 117730687 117730117 117728652 117729859 117728664 
284000 64 118148575 118147183 118143285 118140946 118141833 
285000 64 118558901 118560424 118563416 118564851 118558544 
286000 64 118975278 118979090 118978053 118979058 118975247 
287000 64 119394492 119394369 119394042 119393457 119396625 
288000 64 119808353 119804628 119806048 119804449 119807217 
289000 64 120223500 120225917 120223725 120224463 120223800 
290000 64 120643653 120635776 120639954 120643314 120642111 
291000 64 121056602 121055340 121057023 121055480 121054406 
292000 64 121472193 121471740 121472445 121473259 121469908 
293000 64 121887508 121889274 121892939 121889068 121883216 
294000 64 122302848 122304313 122305240 122301761 122303119 
295000 64 122718909 122721094 122718774 122719478 122718652 
296000 64 123137823 123134596 123133770 123135542 123135618 
297000 64 123553351 123548942 123553631 123551726 123553810 
298000 64 123968526 123972000 123968926 123969059 123967775 
299000 64 124377189 124385889 124387702 124386813 124380698 
300000 64 124800931 124798984 124797972 124799597 124805062 
301000 64 125217103 125218323 125216057 125216486 125217652 
302000 64 125631683 125629357 125635978 125631994 125631033 
303000 64 126050401 126050873 126048871 126048276 126054458 
304000 64 126461902 126467499 126462119 126465367 126465823 
305000 64 126882621 126877543 126878429 126880791 126878996 
306000 64 127295411 127296818 127297774 127293213 127298071 
307000 64 127713553 127713047 127711966 127713693 127711706 
308000 64 128130854 128127939 128128143 128125301 128129719 
309000 64 128541737 128539927 128543732 128542776 128539936 
310000 64 128959026 128958882 128958656 128963567 128961528 
311000 64 129378607 129377546 129379542 129371881 129377549 
312000 64 129790992 129791521 129788168 129794638 129795646 
313000 64 130208374 130207638 130207488 130211634 130209649 
314000 64 130623020 130622466 130625027 130622652 130624453 
315000 64 131036641 131042669 131039184 131039805 131042205 
316000 64 131451420 131454291 131454981 131455274 131455082 
317000 64 131873196 131872570 131874118 131874269 131871832 
318000 64 132290586 132292262 132284919 132289790 132291426 
319000 64 132706750 132705188 132705753 132707064 132702757 
320000 64 133118470 133117499 133116257 133119703 133118073 
321000 64 133542138 133534078 133536714 133534992 133540512 
322000 64 133954888 133955641 133952916 133950966 133950183 
323000 64 134367161 134367846 134367890 134371458 134369105 
324000 64 134780179 134783008 134784477 134779147 134783760 
325000 64 135199377 135199278 135204913 135201943 135202085 
326000 64 135610655 135613699 135615150 135616965 135618871 
327000 64 136031111 136034392 136031884 136028787 136032861 
328000 64 136450983 136445344 136448314 136449138 136447810 
329000 64 136867311 136866470 136862911 136864446 136863084 
330000 64 137279066 137278116 137275459 137283552 137278949 
331000 64 137696872 137692770 137697174 137694404 137694446 
332000 64 138109128 138113959 138112945 138109486 138113956 
333000 64 138523927 138528760 138524303 138529622 138528487 
334000 64 138943239 138944333 138942320 138941480 138943035 
335000 64 139358662 139361127 139361825 139363995 139358241 
336000 64 139775383 139775031 139780375 139775410 139772702 
337000 64 140191789 140190707 140193803 140190855 140194115 
338000 64 140604066 140604037 140607981 140608492 140609970 
339000 64 141024998 141021079 141020968 141023963 141020430 
340000 64 141442298 141440483 141439185 141438931 141439214 
341000 64 141856498 141853556 141854463 141852925 141858879 
342000 64 142271822 142268370 142266643 142271914 142271796 
343000 64 142683343 142691505 142688301 142691455 142685973 
344000 64 143106921 143102521 143102202 143107290 143102551 
345000 64 143522422 143518422 143518889 143521410 143522101 
346000 64 143936516 143934127 143936726 143936761 143933263 
347000 64 144349274 144354378 144350642 144350948 144354252 
348000 64 144768577 144770904 144770375 144770542 144766446 
349000 64 145179771 145184531 145181098 145186948 145188218 
350000 64 145602757 145595486 145598567 145600446 145599019 
351000 64 146018954 146017477 146019037 146017429 146016847 
352000 64 146433222 146431991 146428844 146435240 146434539 
353000 64 146844113 146850646 146844822 146846333 146847588 
354000 64 147271624 147261345 147266729 147263831 147266339 
355000 64 147679511 147681429 147679811 147676635 147680571 
356000 64 148093374 148096462 148097405 148097822 148100879 
357000 64 148511191 148514666 148514313 148514291 148514729 
358000 64 148930277 148922773 148926287 148927042 148932072 
359000 64 149342584 149342001 149342966 149343594 149345279 
360000 64 149759027 149759748 149761956 149762652 149760149 
361000 64 150172748 150178167 150175707 150175371 150175359 
362000 64 150595362 150594667 150589516 150591360 150593366 
363000 64 151008532 151011370 151001533 151006756 151006845 
364000 64 151423115 151423019 151426498 151422998 151426160 
365000 64 151840324 151842485 151843970 151838638 151843797 
366000 64 152252895 152258296 152258769 152258501 152258122 
367000 64 152672273 152669643 152674150 152675241 152668054 
368000 64 153090729 153088244 153086542 153089616 153087160 
369000 64 153509798 153505651 153506407 153501399 153505534 
370000 64 153920723 153921810 153919799 153921144 153918887 
371000 64 154336033 154331735 154333229 154334163 154340565 
372000 64 154751111 154754574 154752691 154749832 154757868 
373000 64 155168169 155169458 155171397 155170843 155167942 
374000 64 155584954 155583130 155581760 155584804 155585929 
375000 64 155995627 155999288 156004334 155997889 155998607 
376000 64 156417647 156420171 156418737 156417050 156416391 
377000 64 156835598 156828526 156830260 156833578 156836122 
378000 64 157247563 157250599 157247039 157245666 157245972 
379000 64 157667109 157662498 157664430 157662406 157664795 
380000 64 158079496 158080603 158081436 158077726 158082167 
381000 64 158498317 158496185 158493287 158493483 158495744 
382000 64 158912888 158916821 158909124 158910489 158914055 
383000 64 159327918 159326552 159330248 159329020 159326853 
384000 64 159743602 159740947 159744026 159743317 159740170 
385000 64 160162101 160168092 160157445 160162743 160155920 
386000 64 160570397 160578033 160574746 160574781 160574602 
387000 64 160992203 160990878 160990384 160993014 160991745 
388000 64 161408487 161405270 161402755 161408272 161406316 
389000 64 161823392 161821487 161821552 161824480 161820282 
390000 64 162242442 162234953 162239053 162238691 162239944 
391000 64 162659567 162659176 162658599 162660434 162653827 
392000 64 163068647 163072350 163073323 163066299 163072610 
393000 64 163490685 163487547 163484462 163486072 163487872 
394000 64 163905188 163901944 163901266 163904111 163909623 
395000 64 164318173 164319027 164318287 164320514 164318783 
396000 64 164734789 164731945 164737299 164736172 164735790 
397000 64 165153536 165148952 165154477 165151818 165149598 
398000 64 165566982 165570845 165566802 165571148 165566642 
399000 64 165981267 165985129 165985083 165981921 165984765 
400000 64 166394886 166398760 166402059 166398348 166398386 
401000 64 166813776 166814991 166816833 166813677 166816797 
402000 64 167234169 167230877 167231850 167232097 167236933 
403000 64 167647504 167645474 167645909 167644452 167646390 
404000 64 168063107 168062068 168061478 168062149 168064456 
405000 64 168482702 168485163 168479649 168482665 168480611 
406000 64 168897398 168901701 168899871 168902007 168896210 
407000 64 169314091 169311158 169313372 169310864 169318362 
408000 64 169726966 169729992 169725244 169723844 169723992 
409000 64 170143150 170146482 170145269 170145590 170143232 
410000 64 170558924 170560225 170564869 170560246 170557846 
411000 64 170977781 170979742 170973487 170977770 170979684 
412000 64 171392162 171385864 171390639 171390812 171394793 
413000 64 171809528 171806301 171805016 171811698 171806461 
414000 64 172221429 172228443 172227055 172227849 172226804 
415000 64 172642524 172643153 172641813 172633802 172645236 
416000 64 173060294 173056735 173052217 173056788 173055992 
417000 64 173473023 173471793 173471599 173471890 173471044 
418000 64 173890910 173891014 173890461 173887955 173890438 
419000 64 174301064 174302137 174301880 174304547 174303729 
420000 64 174721474 174721364 174719939 174722998 174722381 
421000 64 175133976 175138518 175135501 175133712 175135745 
422000 64 175553441 175551744 175558879 175548928 175548841 
423000 64 175967354 175969279 175967746 175966449 175968359 
424000 64 176383857 176388808 176386111 176381957 176385855 
425000 64 176801576 176805228 176803355 176803563 176804449 
426000 64 177214094 177215713 177212469 177219145 177216271 
427000 64 177633442 177628037 177634578 177632176 177633615 
428000 64 178048206 178047717 178045316 178049108 178048397 
429000 64 178464916 178462611 178467316 178464238 178461505 
430000 64 178881163 178879993 178880426 178878335 178883996 
431000 64 179294941 179299685 179293881 179297813 179301569 
432000 64 179716157 179707628 179711165 179710546 179715776 
433000 64 180128308 180123842 180127420 180130676 180126272 
434000 64 180541456 180544051 180545831 180544180 180543691 
435000 64 180958373 180959521 180956945 180962204 180959816 
436000 64 181374780 181378595 181377348 181375926 181373504 
437000 64 181788195 181787931 181791336 181790431 181794061 
438000 64 182208630 182207548 182204217 182211071 182208007 
439000 64 182620993 182617490 182625590 182625374 182623787 
440000 64 183042254 183039836 183040180 183039087 183039878 
441000 64 183452367 183456649 183455843 183456333 183454396 
442000 64 183867350 183870778 183873602 183871255 183879543 
443000 64 184290073 184290024 184286871 184285827 184291522 
444000 64 184709383 184706867 184704360 184704118 184702841 
445000 64 185122676 185115897 185117837 185120384 185118322 
446000 64 185534605 185535216 185536380 185538037 185539271 
447000 64 185954038 185952322 185951566 185955299 185953773 
448000 64 186365841 186364828 186363313 186368706 186365738 
449000 64 186786231 186780683 186783297 186782293 186784763 
450000 64 187201011 187200832 187197493 187200111 187201499 
451000 64 187621927 187624053 187614931 187612146 187618201 
452000 64 188033896 188033018 188030677 188034173 188032747 
453000 64 188451788 188447802 188444951 188450434 188446369 
454000 64 188859946 188860058 188863860 188869782 188870091 
455000 64 189280386 189283932 189283817 189280969 189281196 
456000 64 189694484 189699679 189692923 189694210 189691851 
457000 64 190115893 190115130 190106591 190109568 190115539 
458000 64 190528102 190525259 190526144 190526604 190526687 
459000 64 190944378 190949315 190945526 190945035 190940139 
460000 64 191360282 191359918 191364819 191362019 191361306 
461000 64 191774924 191776946 191776257 191776897 191775122 
462000 64 192190276 192197922 192191540 192193840 192196184 
463000 64 192610076 192607546 192607592 192606852 192609253 
464000 64 193026252 193020554 193027743 193027002 193026728 
465000 64 193439519 193439679 193441820 193441443 193438998 
466000 64 193857882 193854567 193856317 193854018 193855604 
467000 64 194271522 194272993 194275090 194274601 194269890 
468000 64 194683953 194686878 194688445 194684323 194685811 
469000 64 195104188 195104369 195104443 195102741 195105328 
470000 64 195519926 195518633 195523733 195521506 195521057 
471000 64 195936522 195934947 195936699 195933546 195940578 
472000 64 196353366 196352242 196351239 196349185 196352250 
473000 64 196765764 196769710 196770335 196765740 196768394 
474000 64 197185840 197181394 197181672 197183630 197180109 
475000 64 197598386 197598892 197601458 197600976 197600328 
476000 64 198019309 198015326 198011205 198022240 198017637 
477000 64 198435598 198428002 198428764 198434366 198434050 
478000 64 198849084 198850842 198844587 198848190 198846233 
479000 64 199263493 199265776 199260918 199266390 199262022 
480000 64 199675755 199676616 199682745 199682650 199678126 
481000 64 200097931 200095966 200094450 200096778 200094428 
482000 64 200516066 200513265 200509974 200512477 200513686 
483000 64 200928540 200926540 200930599 200924240 200923689 
484000 64 201346890 201342261 201339184 201343340 201344805 
485000 64 201758506 201760922 201759636 201759554 201759263 
486000 64 202181111 202173228 202179137 202182069 202174953 
487000 64 202588991 202601259 202597248 202591988 202595215 
488000 64 203010729 203009855 203010307 203011378 203006320 
489000 64 203421588 203423661 203424757 203424509 203419837 
490000 64 203840120 203838603 203837118 203842829 203841114 
491000 64 204258381 204254972 204257477 204255648 204255282 
492000 64 204673597 204668799 204672960 204669765 204675197 
493000 64 205089991 205091821 205091307 205088370 205089269 
494000 64 205504521 205508859 205503572 205506755 205504502 
495000 64 205916195 205921427 205922838 205922216 205919039 
496000 64 206332201 206339044 206336611 206330427 206337578 
497000 64 206751011 206750411 206751688 206752833 206757292 
498000 64 207171934 207166142 207164003 207171724 207171914 
499000 64 207579798 207580361 207584439 207580211 207587097 
500000 64 208002488 208000487 208000465 208002185 207997065 
501000 64 208412767 208414501 208418175 208415994 208416113 
502000 64 208832676 208834411 208831679 208824812 208832439 
503000 64 209247416 209246700 209249495 209251433 209247271 
504000 64 209663461 209666119 209659728 209661596 209663151 
505000 64 210080914 210078937 210082178 210081666 210081347 
506000 64 210493030 210494630 210499089 210494419 210493219 
507000 64 210913994 210914081 210914143 210909361 210915242 
508000 64 211330668 211330163 211328686 211328800 211327199 
509000 64 211748023 211743984 211744956 211742003 211747300 
510000 64 212157833 212158033 212163514 212160848 212161339 
511000 64 212576032 212572074 212575100 212575044 212579866 
512000 64 212995356 212993727 212992093 212991739 212986031 
513000 64 213407875 213406406 213408992 213409194 213406603 
514000 64 213825622 213823743 213822629 213824211 213825842 
515000 64 214241926 214239220 214246389 214242827 214241231 
516000 64 214653117 214656413 214658202 214657176 214653383 
517000 64 215072270 215077097 215072935 215068871 215072231 
518000 64 215488562 215487330 215486855 215491170 215486464 
519000 64 215907401 215901058 215905741 215905221 215904950 
520000 64 216326582 216319865 216314389 216314209 216316145 
521000 64 216738743 216739979 216734060 216742406 216741336 
522000 64 217154081 217150653 217149152 217149385 217151769 
523000 64 217571339 217567711 217564585 217568082 217564256 
524000 64 217982584 217982972 217983844 217983142 217984150 
525000 64 218400271 218398475 218401235 218399730 218407853 
526000 64 218818077 218815676 218810582 218815935 218819722 
527000 64 219235648 219236396 219234585 219234982 219229770 
528000 64 219648350 219650910 219650731 219643963 219653270 
529000 64 220067149 220065992 220062694 220067477 220066523 
530000 64 220478312 220480144 220480818 220473009 220475854 
531000 64 220899114 220897082 220896594 220897818 220899731 
532000 64 221309214 221311837 221310336 221312185 221312810 
533000 64 221723672 221733170 221731149 221732154 221728244 
534000 64 222141466 222149510 222145316 222145300 222139430 
535000 64 222558932 222560432 222562169 222558970 222563803 
536000 64 222975824 222975693 222976039 222978737 222979077 
537000 64 223390382 223390210 223389648 223393583 223396335 
538000 64 223808484 223809546 223810764 223807347 223811452 
539000 64 224222000 224226486 224224449 224225273 224222218 
540000 64 224636755 224644103 224639730 224639715 224642703 
541000 64 225052183 225049415 225061197 225057132 225059759 
542000 64 225471831 225473964 225471727 225468496 225469636 
543000 64 225888079 225891608 225889320 225887463 225888001 
544000 64 226299091 226304157 226303198 226303343 226306722 
545000 64 226720508 226718151 226719229 226722822 226717838 
546000 64 227137900 227136540 227134552 227137118 227135471 
547000 64 227550583 227552828 227554488 227552545 227555954 
548000 64 227966355 227962421 227972338 227970094 227966917 
549000 64 228387596 228382440 228386223 228385535 228385366 
550000 64 228800229 228801216 228802163 228799429 228802329 
551000 64 229212405 229225560 229221231 229215002 229218756 
552000 64 229631921 229629550 229630123 229630393 229629380 
553000 64 230046510 230050552 230049495 230047786 230046992 
554000 64 230460940 230463926 230463497 230462061 230465556 
555000 64 230879068 230883546 230882659 230881898 230882729 
556000 64 231299578 231298186 231294131 231301053 231296283 
557000 64 231708261 231709196 231711839 231714103 231711730 
558000 64 232129080 232130343 232125411 232132572 232130240 
559000 64 232545512 232541443 232543919 232549328 232541964 
560000 64 232962110 232961116 232957395 232962713 232964414 
561000 64 233366177 233374732 233375962 233377378 233370577 
562000 64 233790811 233790124 233791662 233785921 233789503 
563000 64 234206747 234207439 234209848 234209375 234204505 
564000 64 234624717 234629076 234623482 234624729 234623547 
565000 64 235038938 235037247 235041619 235035980 235038147 
566000 64 235455507 235457926 235452622 235458501 235457337 
567000 64 235867628 235869523 235872201 235882522 235870723 
568000 64 236292138 236288866 236283403 236289338 236289130 
569000 64 236708393 236700854 236703130 236707593 236703311 
570000 64 237122714 237118128 237116244 237121684 237116657 
571000 64 237536627 237535320 237534871 237533505 237536188 
572000 64 237959836 237950940 237953200 237952809 237953742 
573000 64 238369615 238370916 238365205 238371651 238364973 
574000 64 238782252 238779540 238783701 238778142 238780396 
575000 64 239196079 239198772 239190724 239195841 239201952 
576000 64 239614720 239621385 239616129 239610384 239615910 
577000 64 240034679 240035268 240034654 240035133 240026999 
578000 64 240452288 240452010 240446829 240446346 240446491 
579000 64 240866282 240866700 240860112 240864939 240860952 
580000 64 241276308 241282762 241284280 241277228 241285250 
581000 64 241695082 241697104 241692655 241695038 241696077 
582000 64 242106568 242113300 242112614 242110082 242114555 
583000 64 242530295 242528345 242529563 242532175 242525627 
584000 64 242940037 242943577 242940548 242936709 242940794 
585000 64 243362110 243363547 243357801 243361051 243355595 
586000 64 243769161 243774175 243779869 243777251 243780891 
587000 64 244191690 244195021 244188521 244190789 244192931 
588000 64 244605176 244610331 244608078 244610129 244605474 
589000 64 245024078 245025832 245019077 245018951 245027494 
590000 64 245441885 245438750 245445758 245442840 245436063 
591000 64 245857254 245851155 245860308 245856619 245855643 
592000 64 246273473 246274459 246265781 246275574 246271777 
593000 64 246685340 246691557 246689831 246685631 246683850 
594000 64 247100021 247105286 247105793 247106583 247108702 
595000 64 247515804 247518331 247519130 247522743 247524750 
596000 64 247936874 247938267 247939228 247937172 247933553 
597000 64 248354436 248352014 248353928 248347441 248349488 
598000 64 248772020 248767347 248769336 248772911 248769891 
599000 64 249183500 249184039 249185838 249187639 249184077 
600000 64 249598014 249602485 249596625 249595678 249598365 
601000 64 250021323 250012935 250020201 250018851 250015671 
602000 64 250435747 250430890 250435590 250429482 250432720 
603000 64 250847696 250849597 250852348 250844895 250849573 
604000 64 251264752 251266633 251260804 251271073 251269108 
605000 64 251676814 251679511 251680090 251680800 251681923 
606000 64 252089194 252095876 252097328 252095593 252094380 
607000 64 252506120 252513062 252507194 252510208 252515928 
608000 64 252926079 252926861 252930578 252932103 252929030 
609000 64 253343725 253351928 253343291 253342942 253342623 
610000 64 253759716 253756817 253759283 253762854 253759119 
611000 64 254178415 254176330 254178790 254170477 254181107 
612000 64 254591156 254589994 254594543 254595845 254587376 
613000 64 255006047 255008971 255013271 255017724 255007596 
614000 64 255424032 255422753 255420371 255423325 255420822 
615000 64 255838394 255837725 255844602 255841561 255842750 
616000 64 256249456 256252827 256257622 256256490 256251901 
617000 64 256674719 256675056 256674297 256671454 256675880 
618000 64 257093618 257084871 257092895 257085370 257090338 
619000 64 257507273 257504144 257517286 257504108 257502322 
620000 64 257919542 257916495 257919391 257918679 257924924 
621000 64 258338713 258336361 258343550 258333815 258334459 
622000 64 258753051 258752694 258750873 258757261 258752522 
623000 64 259170935 259169080 259163347 259164634 259170538 
624000 64 259585763 259582123 259584827 259581690 259586357 
625000 64 260003021 260002836 260001828 260003882 260001417 
626000 64 260417238 260413338 260414950 260420021 260413292 
627000 64 260829777 260830990 260834638 260832361 260836294 
628000 64 261247124 261249315 261248564 261249151 261245010 
629000 64 261664907 261666702 261663973 261665608 261660137 
630000 64 262083387 262073824 262081114 262079071 262078787 
631000 64 262498280 262501907 262495336 262501875 262502650 
632000 64 262913198 262907898 262910042 262909823 262910496 
633000 64 263325234 263325320 263325581 263329472 263333956 
634000 64 263743828 263740648 263743616 263748958 263748620 
635000 64 264161609 264158181 264154930 264159101 264158967 
636000 64 264570824 264580417 264577863 264575539 264579362 
637000 64 264992902 264989140 264994084 264992032 264987722 
638000 64 265410885 265409874 265406999 265403950 265412217 
639000 64 265824565 265819036 265821737 265826633 265823447 
640000 64 266239628 266237789 266240142 266237757 266245256 
641000 64 266658091 266656253 266656959 266657737 266652556 
642000 64 267071273 267068441 267075334 267065764 267069157 
643000 64 267485328 267488082 267489813 267486708 267490506 
644000 64 267904309 267908467 267905757 267904902 267899050 
645000 64 268322704 268320793 268319532 268322807 268318380 
646000 64 268742460 268735152 268732218 268732903 268734046 
647000 64 269152986 269151311 269152107 269151333 269148349 
648000 64 269564293 269563731 269567129 269563676 269573291 
649000 64 269985677 269986347 269982822 269986636 269982556 
650000 64 270403427 270402725 270397308 270394656 270391564 
651000 64 270818898 270822832 270810521 270815607 270815257 
652000 64 271229337 271229396 271234566 271229829 271231617 
653000 64 271644807 271651311 271649145 271646971 271655885 
654000 64 272067786 272065099 272063735 272064022 272060577 
655000 64 272482286 272480264 272470330 272478033 272481470 
656000 64 272900285 272894744 272894191 272898249 272898863 
657000 64 273308869 273315660 273309584 273311479 273309306 
658000 64 273724488 273731069 273729209 273725515 273729886 
659000 64 274144049 274149143 274141381 274149129 274141978 
660000 64 274560419 274559851 274556474 274558741 274560984 
661000 64 274972525 274977407 274978601 274979958 274978093 
662000 64 275388760 275388678 275393332 275391941 275391328 
663000 64 275809508 275816557 275809196 275806401 275812675 
664000 64 276223260 276221347 276226166 276221288 276222778 
665000 64 276642927 276643960 276641658 276637786 276638382 
666000 64 277060789 277050670 277054240 277055412 277057781 
667000 64 277479228 277474232 277475607 277473732 277473003 
668000 64 277890476 277891439 277892955 277885359 277887602 
669000 64 278302531 278301622 278306196 278310992 278304841 
670000 64 278721355 278724865 278722956 278715397 278718314 
671000 64 279133555 279135974 279124713 279136930 279136827 
672000 64 279553498 279552103 279556738 279552769 279550369 
673000 64 279968211 279967173 279976072 279966215 279972628 
674000 64 280387902 280384631 280388923 280387148 280383461 
675000 64 280801473 280797905 280803298 280795684 280796257 
676000 64 281213092 281215464 281217182 281219511 281218440 
677000 64 281633723 281638291 281627775 281633453 281635411 
678000 64 282042589 282049005 282049623 282050880 282048748 
679000 64 282462327 282465310 282467556 282458371 282466605 
680000 64 282881671 282875987 282880225 282888551 282878275 
681000 64 283293716 283296847 283299488 283294623 283296451 
682000 64 283710689 283709355 283711354 283711316 283714792 
683000 64 284127758 284130013 284124511 284132725 284127413 
684000 64 284541105 284547267 284544100 284542141 284539465 
685000 64 284962086 284958525 284958189 284955894 284964267 
686000 64 285379082 285376383 285375090 285374554 285374652 
687000 64 285786734 285792647 285798549 285800270 285789836 
688000 64 286206729 286201832 286206277 286209062 286202363 
689000 64 286629697 286624566 286627041 286625024 286621608 
690000 64 287041478 287041566 287041095 287042172 287040452 
691000 64 287459005 287450761 287458033 287456572 287460899 
692000 64 287871523 287869851 287870548 287873575 287867790 
693000 64 288291290 288287108 288287798 288287465 288290237 
694000 64 288703457 288701056 288704498 288706758 288701149 
695000 64 289123553 289117475 289128362 289118500 289116677 
696000 64 289539335 289533920 289545868 289536179 289536308 
697000 64 289947507 289950759 289956880 289959361 289944760 
698000 64 290368993 290366319 290370299 290369971 290366752 
699000 64 290780829 290787450 290781241 290791249 290783828 
700000 64 291201656 291197860 291196893 291198117 291194448 
701000 64 291619375 291618192 291609739 291618717 291614544 
702000 64 292040772 292036020 292034342 292037764 292032329 
703000 64 292448537 292451614 292452937 292438497 292443520 
704000 64 292863118 292867633 292866320 292864625 292869190 
705000 64 293283397 293282367 293284584 293284491 293275171 
706000 64 293697423 293696657 293696224 293690323 293694736 
707000 64 294111643 294111139 294112254 294110790 294107462 
708000 64 294524530 294522748 294531166 294523970 294532101 
709000 64 294944644 294936556 294937767 294946219 294942009 
710000 64 295362861 295361514 295358830 295355149 295352369 
711000 64 295773793 295777498 295773238 295774381 295777445 
712000 64 296192932 296188457 296189752 296192346 296194085 
713000 64 296604501 296606038 296606363 296612550 296608834 
714000 64 297022278 297023623 297026683 297024250 297025049 
715000 64 297439892 297441394 297446791 297438368 297441146 
716000 64 297854082 297860651 297855476 297859537 297858848 
717000 64 298275327 298275763 298270705 298270970 298268195 
718000 64 298689479 298689865 298688925 298692122 298686316 
719000 64 299105092 299102811 299106288 299103524 299109275 
720000 64 299519021 299521051 299519200 299515597 299520029 
721000 64 299928903 299939482 299938033 299946524 299937112 
722000 64 300349523 300354607 300354339 300351491 300356993 
723000 64 300768155 300765336 300760673 300769289 300763668 
724000 64 301185215 301180353 301177635 301190339 301190818 
725000 64 301601176 301599102 301605707 301601699 301603437 
726000 64 302013791 302017404 302017379 302016108 302012458 
727000 64 302429494 302433381 302432647 302434338 302431144 
728000 64 302846953 302849329 302846661 302843025 302853425 
729000 64 303266225 303268081 303265400 303264564 303265827 
730000 64 303681113 303681054 303682862 303678226 303679508 
731000 64 304095733 304094294 304093883 304098676 304095651 
732000 64 304517862 304514061 304513512 304507605 304504801 
733000 64 304924606 304930770 304920901 304928774 304928142 
734000 64 305341657 305342296 305345793 305344239 305335359 
735000 64 305759233 305754925 305755535 305762263 305759735 
736000 64 306177699 306178002 306174631 306180040 306174529 
737000 64 306591125 306599849 306597027 306590934 306591008 
738000 64 307005245 307001766 307009011 307011314 307004048 
739000 64 307418914 307423515 307424098 307427485 307423424 
740000 64 307842137 307838762 307832841 307842400 307841858 
741000 64 308253843 308259256 308251372 308252183 308246331 
742000 64 308669548 308668275 308672296 308672245 308673068 
743000 64 309089582 309086669 309089164 309086413 309090114 
744000 64 309501335 309505251 309507510 309504610 309506618 
745000 64 309920880 309919845 309918393 309923509 309921237 
746000 64 310336608 310335038 310340933 310337536 310339446 
747000 64 310747285 310753639 310753533 310748291 310751479 
748000 64 311166148 311165263 311172742 311165846 311158888 
749000 64 311582980 311591411 311593233 311581380 311581581 
750000 64 311995307 311995970 312000374 311997014 312005164 
751000 64 312416418 312421067 312414291 312415592 312414834 
752000 64 312826711 312830658 312830628 312837053 312833697 
753000 64 313254862 313251879 313248889 313250037 313248471 
754000 64 313663459 313664090 313662971 313662928 313672382 
755000 64 314083404 314077757 314080107 314084716 314078259 
756000 64 314497330 314491500 314495827 314495546 314490703 
757000 64 314914991 314915392 314913203 314915069 314916839 
758000 64 315330678 315331325 315321568 315325736 315327096 
759000 64 315746015 315750051 315750399 315741642 315742366 
760000 64 316158536 316159929 316154816 316155260 316159355 
761000 64 316570124 316578843 316577934 316578860 316576123 
762000 64 316995181 316989197 316994603 316995144 316994605 
763000 64 317410278 317405801 317410055 317406269 317414104 
764000 64 317824209 317823186 317821373 317824594 317825772 
765000 64 318238926 318240810 318241444 318238934 318241620 
766000 64 318657547 318650346 318660172 318653922 318657134 
767000 64 319075439 319072490 319068373 319073924 319072678 
768000 64 319486175 319484410 319497088 319488114 319482198 
769000 64 319903572 319907313 319903504 319903748 319897104 
770000 64 320320493 320324955 320321934 320318745 320319282 
771000 64 320737171 320738147 320737335 320740205 320739236 
772000 64 321155323 321161686 321145513 321158355 321153845 
773000 64 321569307 321570519 321572304 321568497 321566596 
774000 64 321988682 321985672 321983139 321983106 321983716 
775000 64 322400784 322398151 322405879 322405617 322401725 
776000 64 322815293 322805274 322817547 322812589 322815375 
777000 64 323232073 323226223 323228015 323230233 323230210 
778000 64 323645658 323651000 323646686 323652176 323648357 
779000 64 324063919 324061532 324062269 324060191 324056824 
780000 64 324479226 324484631 324480761 324480012 324477406 
781000 64 324900645 324893654 324897120 324900122 324892078 
782000 64 325313002 325314067 325310291 325311234 325313260 
783000 64 325726949 325728373 325724164 325730235 325732933 
784000 64 326141787 326150413 326139481 326147969 326143152 
785000 64 326560246 326558928 326560042 326559157 326559457 
786000 64 326978134 326977364 326974647 326975975 326982221 
787000 64 327397423 327402762 327391703 327391156 327390324 
788000 64 327811735 327810736 327809681 327805791 327806933 
789000 64 328224456 328228392 328224467 328225723 328224367 
790000 64 328648897 328635906 328635038 328646129 328645962 
791000 64 329055325 329064567 329054555 329062274 329055308 
792000 64 329469586 329471101 329468531 329469301 329469533 
793000 64 329888812 329888174 329890848 329894049 329882373 
794000 64 330305443 330299992 330308987 330301229 330302433 
795000 64 330718910 330719953 330712592 330719227 330719881 
796000 64 331128457 331134120 331133326 331133342 331133966 
797000 64 331552852 331553058 331550850 331555481 331560939 
798000 64 331967694 331966663 331965901 331973007 331968324 
799000 64 332382229 332389109 332382727 332394744 332387812 
800000 64 332800529 332795265 332800325 332803189 332805460 
801000 64 333219176 333217028 333215365 333212930 333221981 
802000 64 333630621 333629620 333630850 333630321 333634978 
803000 64 334047430 334051080 334048694 334047303 334044901 
804000 64 334463701 334468736 334460891 334466270 334464595 
805000 64 334870886 334878846 334879275 334883131 334880293 
806000 64 335295151 335296841 335296623 335299854 335299434 
807000 64 335716400 335713360 335709602 335712535 335712310 
808000 64 336130823 336133322 336130843 336120014 336123601 
809000 64 336547611 336544821 336546457 336543327 336547746 
810000 64 336961266 336966039 336958602 336956438 336958478 
811000 64 337378228 337377673 337378062 337379953 337374059 
812000 64 337793394 337796364 337790983 337796054 337796723 
813000 64 338211710 338207811 338212550 338207604 338210859 
814000 64 338620404 338617068 338619516 338631759 338622903 
815000 64 339036699 339041513 339037587 339036388 339039292 
816000 64 339454760 339455036 339458610 339450547 339463591 
817000 64 339869034 339878943 339874314 339863435 339868849 
818000 64 340285905 340290004 340288316 340282215 340290549 
819000 64 340706891 340699874 340701278 340708209 340704069 
820000 64 341119609 341124314 341115609 341116724 341124461 
821000 64 341535486 341541525 341535416 341535210 341536209 
822000 64 341954251 341947077 341953236 341960713 341955050 
823000 64 342370612 342368659 342374580 342370669 342367557 
824000 64 342789807 342790891 342787574 342783374 342789237 
825000 64 343199726 343204318 343201898 343201643 343200323 
826000 64 343618217 343616914 343619165 343614611 343617898 
827000 64 344029641 344031892 344030674 344032580 344034232 
828000 64 344446066 344450195 344441212 344450612 344447733 
829000 64 344860345 344864811 344867508 344865341 344862577 
830000 64 345280019 345278736 345278349 345278738 345283097 
831000 64 345698257 345702696 345694710 345699876 345694736 
832000 64 346114646 346112063 346115358 346110076 346111816 
833000 64 346530752 346529269 346530261 346525528 346526906 
834000 64 346946798 346946562 346944957 346944355 346946195 
835000 64 347364032 347357167 347358072 347366777 347357859 
836000 64 347772702 347775009 347779367 347769925 347780541 
837000 64 348192842 348192336 348193526 348191026 348190781 
838000 64 348606112 348603525 348609136 348609527 348607184 
839000 64 349019988 349024600 349020923 349024866 349030572 
840000 64 349438932 349438864 349444164 349439406 349439880 
841000 64 349851618 349854991 349854746 349861772 349850543 
842000 64 350270196 350275739 350276748 350273010 350272243 
843000 64 350691443 350693476 350695163 350685648 350687223 
844000 64 351115979 351099997 351102227 351105306 351104094 
845000 64 351519561 351518303 351518721 351519093 351514900 
846000 64 351935137 351935622 351938021 351935007 351930354 
847000 64 352343616 352348001 352343683 352348014 352353091 
848000 64 352765206 352775811 352768683 352766329 352763575 
849000 64 353188181 353183620 353186701 353184932 353191856 
850000 64 353600189 353600343 353604186 353599368 353592597 
851000 64 354016102 354018652 354011989 354013603 354014485 
852000 64 354423555 354429214 354427084 354432397 354434859 
853000 64 354842811 354846690 354844603 354845612 354852166 
854000 64 355258074 355265179 355263652 355264777 355260252 
855000 64 355674565 355680776 355677458 355678438 355679096 
856000 64 356093976 356101839 356094159 356097082 356096181 
857000 64 356519919 356509096 356508966 356513711 356512292 
858000 64 356921504 356931374 356921794 356933423 356933813 
859000 64 357344994 357344571 357339083 357343920 357343598 
860000 64 357756776 357761473 357755111 357763990 357755374 
861000 64 358172451 358180542 358177139 358182100 358179353 
862000 64 358593566 358593318 358591748 358590824 358591847 
863000 64 359001475 359012184 359011780 359009789 359014769 
864000 64 359430104 359423417 359426242 359421993 359416262 
865000 64 359837735 359835583 359839279 359840361 359840059 
866000 64 360252639 360259325 360253387 360258567 360256823 
867000 64 360674422 360673065 360675922 360672636 360666358 
868000 64 361085787 361089853 361085862 361091896 361090564 
869000 64 361500685 361511229 361499689 361502907 361505661 
870000 64 361916102 361917632 361924521 361923170 361920034 
871000 64 362337330 362334085 362333306 362330073 362334148 
872000 64 362754309 362755117 362754032 362748863 362750480 
873000 64 363158609 363166573 363170612 363168773 363171719 
874000 64 363585284 363581016 363586295 363582827 363589254 
875000 64 364003023 364001532 364006618 363996279 363999305 
876000 64 364414259 364416219 364414480 364416386 364415590 
877000 64 364835964 364832968 364831216 364831489 364833828 
878000 64 365247787 365250718 365244341 365250018 365250097 
879000 64 365665527 365664987 365670645 365659815 365662122 
880000 64 366081046 366072594 366077517 366081712 366078874 
881000 64 366497496 366493963 366499556 366492863 366498642 
882000 64 366912866 366907519 366911779 366909695 366912446 
883000 64 367325110 367333034 367330650 367326937 367331202 
884000 64 367744206 367743456 367740814 367749274 367738953 
885000 64 368153116 368161696 368167476 368161970 368162650 
886000 64 368576810 368570704 368575927 368573225 368571877 
887000 64 368993975 368990711 368991852 368997730 368995193 
888000 64 369406582 369406936 369408663 369418890 369409128 
889000 64 369819760 369826634 369819804 369823978 369833893 
890000 64 370248669 370241762 370246821 370234974 370230814 
891000 64 370655433 370654326 370661865 370661742 370651782 
892000 64 371070716 371065067 371075648 371073327 371069323 
893000 64 371488703 371482718 371490758 371484768 371485591 
894000 64 371902782 371903356 371904529 371915963 371906496 
895000 64 372322411 372321766 372318141 372325945 372319529 
896000 64 372727483 372735081 372734255 372742680 372737646 
897000 64 373159952 373154731 373151446 373151086 373157073 
898000 64 373570294 373567135 373562297 373564348 373567817 
899000 64 373988902 373981209 373987079 373995169 373984333 
900000 64 374410940 374404228 374405967 374396489 374402858 
901000 64 374814551 374811434 374810860 374817132 374817403 
902000 64 375234386 375233120 375229638 375238306 375233319 
903000 64 375647036 375650360 375649158 375645148 375646309 
904000 64 376065109 376063074 376063691 376066856 376067421 
905000 64 376479894 376479532 376480675 376478237 376474389 
906000 64 376900519 376896234 376893995 376894075 376893453 
907000 64 377310238 377304717 377312779 377312268 377309460 
908000 64 377727822 377719558 377722473 377726646 377726170 
909000 64 378142565 378144736 378144353 378142457 378138094 
910000 64 378564774 378556971 378565478 378560330 378551806 
911000 64 378971422 378972178 378980351 378972587 378970208 
912000 64 379392100 379392375 379387257 379390937 379389270 
913000 64 379806175 379806903 379814840 379812040 379815540 
914000 64 380219597 380224120 380215408 380229200 380223168 
915000 64 380646358 380639607 380640079 380629441 380634970 
916000 64 381052656 381056005 381055557 381053610 381057729 
917000 64 381470855 381470841 381475304 381469396 381473734 
918000 64 381883971 381889800 381887270 381894215 381890415 
919000 64 382303632 382305818 382307620 382309290 382307592 
920000 64 382723963 382717000 382730218 382720438 382722051 
921000 64 383135026 383135523 383135349 383134659 383140192 
922000 64 383546774 383549047 383542947 383544346 383551957 
923000 64 383968822 383975453 383966410 383963595 383972421 
924000 64 384381824 384382596 384381623 384383612 384386466 
925000 64 384795643 384797361 384799158 384802233 384803186 
926000 64 385222070 385216901 385205987 385224372 385220828 
927000 64 385635600 385628212 385636402 385627040 385638188 
928000 64 386044807 386045012 386048557 386050697 386056406 
929000 64 386461526 386468528 386461150 386468098 386462064 
930000 64 386888352 386877103 386878628 386873388 386876872 
931000 64 387294631 387297159 387292608 387293812 387295422 
932000 64 387712931 387710993 387708478 387703877 387711381 
933000 64 388126683 388127727 388130442 388129587 388129482 
934000 64 388548646 388540336 388550827 388542576 388542776 
935000 64 388958129 388963403 388954150 388956676 388957739 
936000 64 389376317 389379866 389374940 389381711 389373194 
937000 64 389791825 389787894 389789527 389794232 389788870 
938000 64 390213752 390204254 390207831 390202643 390210892 
939000 64 390623001 390610741 390624914 390628457 390620595 
940000 64 391039848 391035963 391048207 391033426 391040728 
941000 64 391454469 391457183 391458140 391457144 391458194 
942000 64 391873245 391878497 391868682 391867345 391875941 
943000 64 392294917 392289684 392282214 392288822 392284999 
944000 64 392699423 392699700 392705880 392710899 392704129 
945000 64 393127158 393116573 393118706 393121971 393120096 
946000 64 393537366 393525952 393539358 393538128 393541876 
947000 64 393957760 393957710 393948136 393952869 393958288 
948000 64 394371140 394364999 394365737 394371173 394367143 
949000 64 394779578 394783172 394778831 394787949 394783063 
950000 64 395201751 395198286 395200931 395203100 395200301 
951000 64 395615749 395613420 395618010 395613472 395617895 
952000 64 396030116 396032912 396030086 396030846 396033563 
953000 64 396456264 396453252 396444432 396456017 396448113 
954000 64 396866824 396862337 396868447 396863273 396875884 
955000 64 397272781 397274346 397285981 397273268 397277960 
956000 64 397691976 397697724 397702464 397699626 397699937 
957000 64 398113524 398113760 398105558 398115323 398114116 
958000 64 398524058 398532892 398519407 398529723 398530565 
959000 64 398942658 398944321 398942412 398944648 398944331 
960000 64 399365186 399360821 399364518 399355877 399351990 
961000 64 399775553 399773493 399781560 399779872 399771991 
962000 64 400198210 400190677 400198686 400198616 400187524 
963000 64 400611393 400610716 400607152 400606276 400604592 
964000 64 401031810 401024101 401026041 401029507 401023107 
965000 64 401449880 401439970 401440088 401437525 401441179 
966000 64 401854106 401863047 401859742 401853488 401850004 
967000 64 402270353 402271156 402271258 402268941 402270742 
968000 64 402689198 402687453 402685182 402691736 402692231 
969000 64 403112650 403099405 403109082 403098919 403101014 
970000 64 403516435 403522521 403521773 403514919 403513983 
971000 64 403941113 403936752 403930356 403928035 403936047 
972000 64 404353009 404352113 404346790 404352239 404353218 
973000 64 404773850 404767762 404761750 404772321 404764228 
974000 64 405183618 405181811 405191581 405181328 405187756 
975000 64 405599565 405602870 405598658 405603419 405607461 
976000 64 406008334 406017467 406017530 406011311 406014798 
977000 64 406433674 406433113 406438773 406428389 406428838 
978000 64 406839197 406844840 406843584 406848287 406852045 
979000 64 407265067 407253563 407261571 407269588 407270153 
980000 64 407678319 407679410 407686284 407677758 407680935 
981000 64 408095034 408092717 408096880 408096442 408101450 
982000 64 408510659 408505675 408507394 408506646 408513914 
983000 64 408928799 408920185 408929248 408932304 408920071 
984000 64 409345780 409346804 409347517 409340192 409348637 
985000 64 409758507 409761854 409762516 409759309 409762310 
986000 64 410176119 410178243 410175444 410177059 410180193 
987000 64 410590491 410589541 410594392 410594278 410583712 
988000 64 411008990 411009748 411013235 411013920 411012247 
989000 64 411427208 411425063 411422096 411426958 411423068 
990000 64 411844631 411839268 411839258 411846170 411843080 
991000 64 412250521 412255331 412259381 412253659 412262843 
992000 64 412676044 412673367 412668720 412672133 412667051 
993000 64 413093721 413086135 413088663 413088593 413094712 
994000 64 413500071 413503345 413497427 413509014 413504996 
995000 64 413922601 413925082 413926548 413918910 413925318 
996000 64 414335249 414337779 414341631 414338707 414343247 
997000 64 414750163 414761112 414752178 414758205 414749314 
998000 64 415164527 415175019 415175046 415164173 415170517 
999000 64 415588288 415588492 415587307 415586714 415589451 
1000000 64 415995578 415993418 415998560 415999972 416000800 
