2000 64 832383 832306 832197 831995 832221 
4000 64 1664049 1664459 1664065 1664375 1663973 
6000 64 2496428 2496464 2495927 2496310 2495675 
8000 64 3328225 3327940 3327608 3328573 3328159 
10000 64 4159578 4160110 4160138 4159865 4160669 
12000 64 4992264 4992110 4992499 4992712 4991774 
14000 64 5824021 5823765 5824531 5824102 5824093 
16000 64 6656052 6656085 6656204 6656826 6656200 
18000 64 7488578 7488610 7487296 7488104 7487232 
20000 64 8319784 8320607 8319810 8320301 8320132 
22000 64 9152216 9151709 9151955 9152116 9151730 
24000 64 9984717 9984069 9984129 9984884 9985089 
26000 64 10816150 10816848 10816811 10816402 10816813 
28000 64 11649297 11648331 11648801 11648172 11647610 
30000 64 12479215 12479268 12480088 12479607 12480613 
32000 64 13312073 13311730 13312327 13311665 13312416 
34000 64 14142917 14144747 14144305 14144242 14143659 
36000 64 14976227 14977221 14976022 14975380 14975565 
38000 64 15807830 15808924 15809387 15808044 15808211 
40000 64 16641449 16640110 16640038 16640397 16639679 
42000 64 17472562 17472634 17472396 17471421 17472693 
44000 64 18304960 18305014 18304109 18305224 18303612 
46000 64 19135638 19133870 19135512 19136883 19135581 
48000 64 19967228 19968510 19968900 19967064 19967155 
50000 64 20800885 20799434 20798836 20800691 20799877 
52000 64 21631856 21631664 21632384 21631824 21632113 
54000 64 22464674 22464515 22464006 22463697 22463413 
56000 64 23296553 23294782 23295089 23296473 23297727 
58000 64 24128002 24129432 24126769 24127360 24129419 
60000 64 24958357 24961199 24958578 24960196 24959998 
62000 64 25790319 25793105 25791664 25791001 25791491 
64000 64 26625172 26623004 26625818 26625209 26623614 
66000 64 27454523 27455829 27456116 27457996 27455000 
68000 64 28289404 28287543 28288264 28286415 28287192 
70000 64 29120797 29121638 29119582 29120562 29120026 
72000 64 29953536 29953680 29953917 29949366 29953560 
74000 64 30785340 30784074 30783639 30783776 30784534 
76000 64 31615289 31617436 31615886 31617595 31614034 
78000 64 32448558 32448053 32449625 32448311 32446883 
80000 64 33280454 33280494 33279432 33282298 33280883 
82000 64 34114511 34112299 34109512 34111920 34110992 
84000 64 34941100 34945884 34942978 34944278 34944781 
86000 64 35775797 35776443 35775437 35778915 35777983 
88000 64 36606461 36609063 36606153 36606716 36607874 
90000 64 37439740 37441327 37438873 37439933 37440136 
92000 64 38271943 38269251 38272974 38272652 38272427 
94000 64 39105490 39105012 39103911 39103938 39102856 
96000 64 39935435 39935992 39936652 39936887 39935779 
98000 64 40768983 40768010 40767805 40767208 40769991 
100000 64 41601167 41602416 41598715 41601601 41600229 
102000 64 42432119 42431300 42430735 42434152 42429908 
104000 64 43263572 43262202 43263703 43263795 43265756 
106000 64 44094492 44095867 44095328 44096560 44093006 
108000 64 44927886 44929070 44928822 44931303 44929879 
110000 64 45761354 45760322 45761571 45760063 45760807 
112000 64 46591681 46593664 46591204 46592307 46594064 
114000 64 47424808 47424195 47424022 47424377 47422216 
116000 64 48258460 48255306 48257773 48256113 48254942 
118000 64 49084714 49087895 49087276 49085312 49090462 
120000 64 49920113 49920075 49918260 49920907 49918829 
122000 64 50752728 50751542 50752731 50751372 50753160 
124000 64 51584380 51584053 51583773 51584328 51584599 
126000 64 52419046 52418781 52416399 52418794 52414311 
128000 64 53248916 53247700 53247959 53246636 53245480 
130000 64 54080403 54080490 54080618 54082215 54079521 
132000 64 54911887 54912001 54913578 54910500 54913011 
134000 64 55743661 55743802 55744381 55744824 55742798 
136000 64 56577654 56576235 56575558 56577827 56572818 
138000 64 57406340 57408610 57406397 57406935 57408220 
140000 64 58239102 58241264 58239169 58240322 58237453 
142000 64 59073951 59070507 59071623 59072674 59071702 
144000 64 59903725 59904090 59905550 59903818 59902874 
146000 64 60733837 60734543 60735699 60734444 60735615 
148000 64 61568548 61566388 61568940 61568111 61567769 
150000 64 62398716 62400564 62401271 62401747 62401719 
152000 64 63232992 63233247 63236094 63232130 63231854 
154000 64 64065173 64062907 64062433 64062839 64065778 
156000 64 64895134 64892795 64896446 64895987 64895010 
158000 64 65728754 65729046 65729360 65725786 65728201 
160000 64 66559742 66562142 66558913 66558688 66557785 
162000 64 67390944 67392809 67390951 67393582 67393725 
164000 64 68225827 68225184 68222846 68224174 68222024 
166000 64 69057068 69057618 69059075 69054383 69056051 
168000 64 69890103 69889460 69889610 69889958 69888000 
170000 64 70720902 70717106 70722642 70718409 70721484 
172000 64 71555626 71549943 71552421 71548907 71551621 
174000 64 72384225 72383175 72384536 72380744 72383253 
176000 64 73215385 73215976 73213220 73217344 73218566 
178000 64 74046509 74048335 74047171 74048560 74047254 
180000 64 74880894 74876767 74883627 74881836 74876728 
182000 64 75713899 75714324 75711420 75714743 75712484 
184000 64 76546688 76543396 76544378 76541348 76541122 
186000 64 77378341 77375154 77374874 77376271 77376422 
188000 64 78207782 78207279 78208715 78207521 78206623 
190000 64 79039622 79041599 79042099 79039780 79043699 
192000 64 79871449 79874280 79870817 79872899 79874700 
194000 64 80707478 80706268 80706341 80704124 80704628 
196000 64 81536403 81537261 81537562 81535490 81534719 
198000 64 82366055 82366684 82369414 82369875 82369770 
200000 64 83200357 83201678 83201516 83199544 83198443 
202000 64 84030285 84034055 84030862 84031175 84035785 
204000 64 84863264 84863161 84866149 84858992 84862907 
206000 64 85696886 85695797 85699438 85698108 85696845 
208000 64 86527707 86526924 86524735 86526879 86526962 
210000 64 87363920 87364091 87360704 87362864 87357389 
212000 64 88194534 88192458 88193213 88192827 88191551 
214000 64 89023367 89025181 89023880 89022905 89023439 
216000 64 89861899 89855222 89857829 89856747 89855698 
218000 64 90686388 90691749 90690802 90688633 90687243 
220000 64 91521658 91521026 91518680 91522954 91519716 
222000 64 92354541 92356462 92353559 92351277 92352347 
224000 64 93182423 93185654 93183463 93182732 93184148 
226000 64 94015693 94015625 94015700 94014982 94016450 
228000 64 94849798 94848450 94845456 94846174 94849586 
230000 64 95675868 95678398 95681033 95680138 95681578 
232000 64 96510379 96509165 96512778 96514432 96512987 
234000 64 97339986 97347407 97341807 97345197 97344619 
236000 64 98176896 98179417 98172400 98177996 98175613 
238000 64 99003213 99010095 99007591 99008785 99008846 
240000 64 99841878 99841720 99843523 99838607 99842250 
242000 64 100675775 100670517 100673396 100670092 100673112 
244000 64 101503290 101506569 101506376 101505467 101505829 
246000 64 102334642 102336419 102335918 102336602 102337060 
248000 64 103166781 103165753 103168470 103169026 103167417 
250000 64 104000904 103998766 104000622 103999175 104001203 
252000 64 104836947 104832190 104833562 104830306 104833007 
254000 64 105664338 105662883 105665701 105662125 105664502 
256000 64 106495116 106492813 106495854 106497441 106497197 
258000 64 107324605 107330433 107328830 107330394 107328284 
260000 64 108161109 108158216 108159371 108158818 108162839 
262000 64 108990883 108993754 108993798 108993662 108989531 
264000 64 109824656 109827568 109823596 109825526 109824446 
266000 64 110655552 110653958 110655479 110657344 110655445 
268000 64 111489274 111488261 111488524 111487822 111489925 
270000 64 112320620 112321586 112322219 112319404 112323055 
272000 64 113152779 113152241 113151671 113154160 113151469 
274000 64 113981831 113981010 113985377 113985676 113984685 
276000 64 114818008 114815687 114819630 114818316 114818344 
278000 64 115647982 115648456 115648204 115647777 115649231 
280000 64 116481029 116480589 116481718 116477188 116482154 
282000 64 117307048 117312314 117308414 117314829 117308976 
284000 64 118146931 118142259 118142882 118143678 118143647 
286000 64 118975245 118978135 118975522 118979794 118975903 
288000 64 119809564 119809554 119811921 119806591 119806682 
290000 64 120643150 120644488 120641116 120639054 120641914 
292000 64 121472735 121472427 121470931 121471737 121470918 
294000 64 122302141 122300374 122308132 122303127 122305309 
296000 64 123135603 123134596 123137591 123137714 123135981 
298000 64 123969249 123967436 123964933 123968989 123966645 
300000 64 124800329 124798550 124803555 124801835 124796668 
302000 64 125636751 125633598 125627389 125629757 125636294 
304000 64 126466937 126466784 126461723 126460088 126464548 
306000 64 127298323 127298189 127293908 127296019 127299783 
308000 64 128127824 128125737 128129794 128127970 128127841 
310000 64 128961444 128955192 128963096 128959958 128961194 
312000 64 129792975 129790788 129790309 129791511 129792912 
314000 64 130621385 130628325 130623024 130620492 130625280 
316000 64 131455278 131458554 131453775 131458896 131457656 
318000 64 132288193 132285743 132291500 132284984 132288088 
320000 64 133119371 133118529 133120927 133120921 133119803 
322000 64 133954140 133954574 133951129 133952722 133949622 
324000 64 134784490 134783145 134784344 134784475 134782072 
326000 64 135614262 135616670 135615676 135618322 135615820 
328000 64 136444135 136448372 136448567 136446290 136447554 
330000 64 137280447 137279748 137280073 137278967 137280883 
332000 64 138114217 138113108 138110202 138113648 138113368 
334000 64 138943976 138942238 138945888 138940868 138943705 
336000 64 139775654 139771849 139776348 139778553 139778249 
338000 64 140612602 140608190 140607847 140611157 140611309 
340000 64 141441548 141436522 141438711 141441700 141441470 
342000 64 142269418 142269690 142269889 142272336 142273620 
344000 64 143105142 143103676 143100545 143104606 143106480 
346000 64 143940278 143937498 143935114 143931763 143940581 
348000 64 144766790 144763712 144766418 144765908 144765971 
350000 64 145598389 145601784 145598804 145599414 145603942 
352000 64 146430988 146432728 146431902 146430332 146430095 
354000 64 147263752 147262999 147260633 147263083 147267470 
356000 64 148095422 148098584 148098756 148096738 148097085 
358000 64 148930723 148926044 148932350 148927607 148927435 
360000 64 149763327 149763598 149759621 149762828 149758917 
362000 64 150596216 150585122 150592904 150591097 150591536 
364000 64 151424878 151423761 151426586 151422425 151421891 
366000 64 152259162 152255678 152257171 152257204 152259610 
368000 64 153086784 153090831 153084366 153087283 153088882 
370000 64 153919355 153917728 153925643 153920987 153918647 
372000 64 154755407 154752784 154753232 154752867 154749963 
374000 64 155586676 155579520 155585570 155585036 155588478 
376000 64 156415563 156413107 156421839 156417015 156410998 
378000 64 157250468 157245024 157248520 157249633 157248562 
380000 64 158079599 158079251 158083566 158082381 158079295 
382000 64 158910533 158910722 158913548 158914895 158915794 
384000 64 159743181 159742671 159742252 159746867 159742292 
386000 64 160576695 160576077 160578403 160578861 160574561 
388000 64 161406003 161410384 161407617 161402995 161405044 
390000 64 162240151 162240149 162238336 162243776 162245745 
392000 64 163073505 163072803 163072434 163071365 163066127 
394000 64 163906283 163905226 163905166 163900950 163902629 
396000 64 164741675 164738520 164732800 164735477 164739226 
398000 64 165571420 165569468 165570456 165570717 165569796 
400000 64 166401749 166401560 166399596 166400518 166405087 
402000 64 167229162 167229476 167235556 167232198 167229928 
404000 64 168065415 168062141 168066491 168065783 168064575 
406000 64 168898675 168895426 168897222 168893635 168895959 
408000 64 169731520 169730860 169728124 169726937 169727950 
410000 64 170558350 170564399 170560661 170562077 170558390 
412000 64 171396791 171391366 171388333 171387546 171396470 
414000 64 172222406 172223049 172223109 172226096 172226785 
416000 64 173058425 173054667 173052863 173056759 173059620 
418000 64 173888706 173892260 173890456 173890432 173887376 
420000 64 174720431 174720631 174720482 174720417 174720643 
422000 64 175549857 175554316 175551054 175552901 175553164 
424000 64 176382987 176383690 176386005 176384268 176388961 
426000 64 177216276 177213986 177214888 177217630 177213224 
428000 64 178054072 178054732 178049021 178045426 178043359 
430000 64 178882387 178879458 178879762 178883947 178878072 
432000 64 179713057 179715068 179709564 179706085 179712573 
434000 64 180545186 180546403 180542241 180540982 180547516 
436000 64 181374951 181374473 181374294 181372150 181377181 
438000 64 182206457 182207664 182210838 182210286 182208952 
440000 64 183041507 183037703 183035685 183039215 183040171 
442000 64 183872304 183870888 183873407 183871597 183873812 
444000 64 184708173 184704415 184705211 184704643 184703797 
446000 64 185533235 185538728 185533343 185533012 185536703 
448000 64 186368212 186370892 186369542 186374548 186368294 
450000 64 187200025 187199907 187198858 187200159 187200609 
452000 64 188034951 188036040 188028881 188033328 188037327 
454000 64 188864358 188861291 188863480 188863598 188857991 
456000 64 189694000 189699246 189698379 189697893 189696514 
458000 64 190528796 190531036 190527160 190531338 190526943 
460000 64 191363127 191358910 191368168 191361480 191361132 
462000 64 192193869 192193536 192189539 192192952 192197660 
464000 64 193023917 193027567 193026493 193022317 193024447 
466000 64 193851368 193857438 193853490 193850359 193853356 
468000 64 194690184 194688007 194688900 194688970 194685713 
470000 64 195520821 195519681 195522732 195516027 195521308 
472000 64 196350186 196350634 196351290 196346569 196353673 
474000 64 197186216 197185791 197184602 197185414 197180257 
476000 64 198021389 198014965 198017662 198014148 198018311 
478000 64 198848382 198846804 198845258 198847352 198846091 
480000 64 199680909 199683536 199677510 199680521 199683417 
482000 64 200515669 200510376 200512918 200511000 200510424 
484000 64 201348754 201346727 201342346 201343036 201344256 
486000 64 202173931 202180011 202173301 202178295 202180831 
488000 64 203006401 203006174 203012364 203010604 203008870 
490000 64 203844846 203839149 203838729 203839186 203839863 
492000 64 204673598 204671416 204673092 204671065 204672572 
494000 64 205505192 205503419 205506499 205500203 205502980 
496000 64 206340670 206332670 206333753 206336626 206334163 
498000 64 207170546 207173604 207165684 207160619 207168605 
500000 64 207998560 207994854 208000437 207998636 208002908 
502000 64 208828102 208835558 208826453 208826917 208830514 
504000 64 209665138 209665819 209660761 209664409 209663673 
506000 64 210496592 210496203 210496595 210494336 210497561 
508000 64 211327566 211329028 211330031 211331483 211331335 
510000 64 212156463 212160988 212161471 212158767 212164330 
512000 64 212997370 212988532 212988206 212993302 212991442 
514000 64 213827053 213825322 213819801 213824645 213818785 
516000 64 214654321 214658304 214651891 214654799 214654155 
518000 64 215491603 215491260 215490134 215489948 215491183 
520000 64 216321626 216323150 216320336 216321480 216314997 
522000 64 217148244 217152950 217150827 217154115 217151184 
524000 64 217987553 217984737 217987151 217984232 217989018 
526000 64 218821444 218814903 218817385 218813531 218813629 
528000 64 219650500 219643383 219650049 219648942 219651978 
530000 64 220476721 220480519 220482079 220479708 220482524 
532000 64 221308964 221311271 221316397 221315721 221312228 
534000 64 222139630 222146313 222135876 222152468 222147375 
536000 64 222978890 222973516 222971551 222979184 222979575 
538000 64 223806959 223812932 223807935 223805931 223805160 
540000 64 224642766 224643150 224640976 224640256 224639573 
542000 64 225471863 225473889 225471270 225474687 225466124 
544000 64 226307679 226297830 226300302 226302641 226300560 
546000 64 227138514 227137223 227134304 227136097 227137330 
548000 64 227967502 227968777 227966862 227968348 227965130 
550000 64 228799647 228802851 228800262 228803051 228792691 
552000 64 229630118 229632275 229630928 229632951 229634121 
554000 64 230466291 230464948 230463675 230465673 230465502 
556000 64 231301558 231292930 231295765 231297100 231303745 
558000 64 232126152 232127092 232128108 232125162 232120457 
560000 64 232959665 232955319 232962138 232961806 232959359 
562000 64 233786927 233793257 233800840 233788152 233791017 
564000 64 234627855 234627928 234623700 234623899 234624109 
566000 64 235453755 235453627 235457274 235451494 235456832 
568000 64 236288715 236290924 236291497 236288076 236289275 
570000 64 237118914 237122295 237119520 237119667 237116553 
572000 64 237953490 237954968 237948741 237951547 237949654 
574000 64 238789230 238780090 238776758 238780096 238786109 
576000 64 239622025 239615703 239620583 239617223 239618476 
578000 64 240446312 240447853 240448250 240448634 240446259 
580000 64 241278032 241282447 241275055 241277162 241278596 
582000 64 242114380 242112342 242109592 242109830 242109822 
584000 64 242945195 242946552 242946561 242944417 242945131 
586000 64 243778435 243773787 243777112 243770339 243772738 
588000 64 244610023 244606951 244606844 244601869 244601535 
590000 64 245440463 245445774 245443037 245443469 245440190 
592000 64 246273782 246271500 246268405 246271410 246271071 
594000 64 247104462 247098522 247105619 247097661 247101027 
596000 64 247938856 247934109 247943026 247936865 247937657 
598000 64 248761181 248765647 248768988 248776148 248767862 
600000 64 249594337 249595758 249597035 249597953 249600423 
602000 64 250437952 250432843 250433280 250436494 250430132 
604000 64 251267731 251264647 251262760 251262014 251263556 
606000 64 252098238 252097879 252100834 252093916 252097645 
608000 64 252929075 252929313 252927053 252927960 252928991 
610000 64 253757696 253757185 253758895 253754441 253757646 
612000 64 254592890 254591729 254590612 254592360 254586995 
614000 64 255423343 255418547 255420149 255424843 255430956 
616000 64 256256969 256255814 256255560 256255077 256257068 
618000 64 257091956 257088487 257086246 257092119 257089584 
620000 64 257922052 257918496 257921113 257919318 257918849 
622000 64 258753858 258754944 258754309 258746417 258754347 
624000 64 259581047 259582799 259587074 259585125 259579601 
626000 64 260415022 260418309 260422850 260423661 260422002 
628000 64 261245590 261246550 261250758 261250652 261251730 
630000 64 262084077 262079878 262081673 262077924 262079982 
632000 64 262916315 262910721 262913197 262911133 262913963 
634000 64 263746623 263740824 263746581 263744849 263742653 
636000 64 264576526 264575611 264576356 264576194 264572238 
638000 64 265411702 265405750 265408159 265407307 265411079 
640000 64 266236726 266236174 266239412 266240845 266238937 
642000 64 267073840 267071650 267071101 267068967 267075835 
644000 64 267910779 267901039 267900711 267895820 267909802 
646000 64 268739205 268739345 268735656 268731799 268733157 
648000 64 269568662 269568302 269568316 269565855 269562132 
650000 64 270403033 270401044 270399023 270401192 270402923 
652000 64 271238020 271233184 271233610 271228099 271227264 
654000 64 272063006 272063438 272065873 272063786 272063984 
656000 64 272890716 272900922 272895418 272897768 272892796 
658000 64 273722441 273729083 273731125 273728254 273730661 
660000 64 274556010 274559550 274556446 274558402 274562327 
662000 64 275389796 275390982 275392745 275391511 275390759 
664000 64 276222361 276224179 276219622 276223783 276226155 
666000 64 277062009 277051447 277053613 277058450 277051778 
668000 64 277891407 277886171 277889540 277884251 277888355 
670000 64 278722005 278719553 278727259 278732207 278719043 
672000 64 279547415 279547436 279550643 279553974 279555601 
674000 64 280385536 280391925 280381230 280383897 280383072 
676000 64 281216030 281220441 281209421 281219532 281215818 
678000 64 282051288 282045697 282045524 282044696 282049434 
680000 64 282879836 282882354 282876371 282877247 282878601 
682000 64 283709781 283711141 283713239 283714547 283709225 
684000 64 284545222 284544729 284544457 284541050 284544777 
686000 64 285374953 285372115 285375374 285375215 285374674 
688000 64 286207481 286209663 286210599 286207292 286211820 
690000 64 287042805 287038626 287040783 287038014 287039152 
692000 64 287877602 287869447 287870531 287876699 287870601 
694000 64 288704828 288704125 288708181 288700386 288707381 
696000 64 289537174 289536785 289539952 289534773 289534380 
698000 64 290370502 290366897 290366582 290369359 290369088 
700000 64 291207812 291198040 291205056 291201385 291201817 
702000 64 292036619 292034965 292032869 292040262 292034029 
704000 64 292861627 292862878 292863273 292863604 292859032 
706000 64 293694186 293692258 293695937 293689418 293700758 
708000 64 294524611 294529178 294526118 294524900 294523179 
710000 64 295363629 295363024 295361846 295358732 295358135 
712000 64 296188895 296189792 296192078 296196406 296194999 
714000 64 297021221 297022509 297025923 297024091 297026299 
716000 64 297854221 297860868 297858953 297856664 297857512 
718000 64 298689877 298684836 298684393 298695592 298687732 
720000 64 299519079 299523924 299524748 299516883 299518524 
722000 64 300353650 300356936 300353648 300357089 300350617 
724000 64 301182390 301179659 301177276 301188224 301183944 
726000 64 302016307 302017496 302018176 302014685 302018911 
728000 64 302842472 302848562 302846363 302850989 302846857 
730000 64 303678099 303685319 303682682 303680378 303682862 
732000 64 304507349 304515274 304507233 304508950 304510295 
734000 64 305343473 305340659 305349551 305342859 305338670 
736000 64 306174351 306176039 306181975 306176725 306175934 
738000 64 307003712 307005552 307005692 307007151 307006714 
740000 64 307840924 307837205 307843847 307839647 307835696 
742000 64 308667987 308671693 308668551 308678131 308666743 
744000 64 309506556 309499708 309500150 309503658 309505653 
746000 64 310338187 310335767 310336274 310332854 310336258 
748000 64 311167594 311169810 311167464 311170000 311172994 
750000 64 311994652 312001011 311998429 312002432 312001042 
752000 64 312828691 312835455 312829688 312835883 312835130 
754000 64 313664375 313660292 313666015 313668584 313662466 
756000 64 314498294 314498632 314497514 314499599 314493075 
758000 64 315326135 315329328 315328733 315329457 315327556 
760000 64 316158429 316163262 316161418 316159802 316158253 
762000 64 316993762 316998417 316987812 316992400 316986816 
764000 64 317825475 317825066 317820097 317822009 317828906 
766000 64 318657379 318650905 318658675 318651830 318654315 
768000 64 319491101 319489660 319492350 319490368 319488527 
770000 64 320317435 320321305 320319322 320316769 320314232 
772000 64 321152345 321154917 321148677 321152462 321154353 
774000 64 321979785 321983265 321987572 321985008 321985804 
776000 64 322818537 322816698 322820519 322816113 322813334 
778000 64 323648940 323641716 323646483 323648679 323643590 
780000 64 324487182 324483969 324476459 324477970 324485472 
782000 64 325310165 325309457 325309827 325314503 325310127 
784000 64 326148042 326144191 326144516 326140030 326149588 
786000 64 326971847 326975579 326973003 326979998 326973473 
788000 64 327808839 327808314 327801805 327810926 327809525 
790000 64 328637492 328634498 328633236 328638558 328642220 
792000 64 329473200 329472143 329475997 329476016 329480119 
794000 64 330298156 330305321 330307006 330304561 330307936 
796000 64 331138962 331137423 331135570 331134663 331138367 
798000 64 331968213 331964306 331971739 331968499 331962144 
800000 64 332806115 332803409 332792402 332805964 332797068 
802000 64 333631803 333627100 333633361 333637874 333624875 
804000 64 334464731 334459679 334464731 334466984 334463887 
806000 64 335293087 335295760 335300537 335290797 335290621 
808000 64 336126812 336128570 336129147 336128824 336123278 
810000 64 336962761 336957089 336959301 336955457 336959036 
812000 64 337797220 337785502 337796550 337795355 337789684 
814000 64 338629503 338624199 338619603 338618251 338629463 
816000 64 339450263 339460210 339459028 339457282 339455751 
818000 64 340286900 340283817 340291284 340290044 340288026 
820000 64 341119857 341117039 341118322 341120493 341114727 
822000 64 341950846 341948335 341951784 341954920 341950616 
824000 64 342788104 342783775 342781503 342786565 342784537 
826000 64 343617652 343610750 343618511 343612574 343614833 
828000 64 344457492 344452409 344446407 344444194 344448168 
830000 64 345278715 345280559 345284840 345280985 345280686 
832000 64 346111439 346113840 346110867 346116625 346109448 
834000 64 346939680 346942513 346943727 346949971 346944805 
836000 64 347771829 347782154 347770738 347781102 347772194 
838000 64 348611037 348610277 348608171 348614451 348613573 
840000 64 349441171 349437682 349439564 349442958 349444218 
842000 64 350265596 350283875 350274145 350276991 350277244 
844000 64 351100623 351110222 351108136 351103835 351112388 
846000 64 351938776 351933971 351939309 351930050 351932145 
848000 64 352765488 352766299 352766245 352777916 352773946 
850000 64 353598084 353598719 353602270 353595670 353601171 
852000 64 354431014 354436470 354433814 354435481 354429046 
854000 64 355268706 355263138 355265157 355267421 355261653 
856000 64 356092095 356094611 356101911 356097964 356095576 
858000 64 356928585 356929562 356924153 356921190 356926120 
860000 64 357761556 357760285 357763303 357757505 357759811 
862000 64 358589169 358591849 358590219 358590287 358595368 
864000 64 359423568 359423887 359420037 359426811 359429022 
866000 64 360254042 360255614 360256218 360256132 360252227 
868000 64 361085212 361088417 361094117 361087290 361080552 
870000 64 361923099 361925371 361917795 361913041 361922044 
872000 64 362751591 362753062 362752748 362754205 362744988 
874000 64 363583295 363578842 363590863 363586532 363584444 
876000 64 364418002 364411762 364417015 364414925 364420469 
878000 64 365247793 365245970 365246944 365250432 365251628 
880000 64 366081983 366076777 366071890 366081615 366084499 
882000 64 366912935 366909406 366916197 366906461 366915035 
884000 64 367742119 367745176 367750448 367744922 367745212 
886000 64 368577679 368576787 368581671 368572004 368571289 
888000 64 369410586 369408554 369413137 369410641 369411868 
890000 64 370243428 370235964 370245863 370241337 370239681 
892000 64 371073291 371069645 371064631 371068096 371070819 
894000 64 371904853 371898969 371902675 371907154 371904498 
896000 64 372736085 372731002 372734466 372734822 372735822 
898000 64 373565607 373569297 373568835 373567105 373564113 
900000 64 374402579 374395897 374408236 374394601 374403333 
902000 64 375232692 375229854 375230477 375226421 375229388 
904000 64 376066719 376066284 376063771 376061870 376057843 
906000 64 376892393 376896923 376900164 376893028 376890627 
908000 64 377725079 377732346 377727727 377726720 377722392 
910000 64 378558160 378553638 378558488 378557051 378556348 
912000 64 379391967 379394437 379393801 379389663 379395037 
914000 64 380218752 380231322 380221076 380226758 380222461 
916000 64 381060379 381054216 381061192 381059448 381054463 
918000 64 381892596 381884961 381890345 381880696 381886065 
920000 64 382722694 382719478 382721324 382720207 382720972 
922000 64 383548935 383556461 383551408 383549724 383557019 
924000 64 384387369 384383691 384392220 384388880 384382172 
926000 64 385217927 385224437 385213018 385218248 385209638 
928000 64 386048484 386048109 386046849 386051746 386045502 
930000 64 386878444 386879388 386873572 386876023 386877263 
932000 64 387711013 387716807 387712025 387713202 387719186 
934000 64 388543936 388549211 388545875 388545816 388538369 
936000 64 389377372 389375254 389379480 389377874 389376274 
938000 64 390215188 390211787 390200707 390209958 390211428 
940000 64 391032452 391042917 391042598 391042314 391037642 
942000 64 391872327 391875395 391874816 391878652 391863733 
944000 64 392704124 392697900 392710669 392706754 392711201 
946000 64 393530173 393532477 393539610 393529493 393528488 
948000 64 394365404 394369789 394367414 394366465 394371184 
950000 64 395202920 395194335 395202852 395199431 395203713 
952000 64 396032450 396029573 396029366 396037513 396026495 
954000 64 396866769 396856478 396867208 396874065 396863733 
956000 64 397697720 397703150 397687592 397695511 397699145 
958000 64 398519450 398522997 398527233 398530232 398524777 
960000 64 399360126 399360899 399358848 399359450 399363816 
962000 64 400194474 400189956 400188737 400194906 400188390 
964000 64 401022253 401029127 401021153 401025715 401023889 
966000 64 401856812 401852870 401853999 401862651 401850390 
968000 64 402689649 402693826 402688382 402686750 402684437 
970000 64 403523179 403521893 403519222 403526425 403523461 
972000 64 404355340 404353518 404348370 404350312 404355072 
974000 64 405187275 405184479 405192999 405191149 405187742 
976000 64 406014172 406018154 406012920 406016829 406015708 
978000 64 406846338 406851564 406849080 406847397 406849038 
980000 64 407677552 407676973 407680685 407677958 407675424 
982000 64 408510204 408520998 408517849 408506783 408514037 
984000 64 409345238 409345460 409342861 409349983 409349179 
986000 64 410177466 410178709 410177414 410180838 410175393 
988000 64 411018037 411007297 411007823 411009964 411008743 
990000 64 411833963 411843672 411843928 411842244 411843726 
992000 64 412675647 412667472 412675379 412670634 412670047 
994000 64 413507374 413510987 413504049 413501976 413502370 
996000 64 414347388 414338314 414332563 414335634 414336621 
998000 64 415158894 415171654 415168102 415172696 415170126 
1000000 64 415991771 415994891 416006895 415995720 416006182 
1002000 64 416823126 416836679 416834680 416831366 416832150 
1004000 64 417672052 417671716 417675440 417665202 417668350 
1006000 64 418497398 418497747 418503522 418492219 418502845 
1008000 64 419324600 419331775 419329888 419333056 419329392 
1010000 64 420159218 420162946 420166179 420158893 420160110 
1012000 64 420988150 420997710 420990679 420986477 420993144 
1014000 64 421822269 421825521 421821549 421828257 421826580 
1016000 64 422651559 422651202 422660257 422651733 422658434 
1018000 64 423491295 423487673 423489775 423486937 423477977 
1020000 64 424323003 424318634 424314368 424324409 424322174 
1022000 64 425149392 425150239 425154815 425150944 425152079 
1024000 64 425985753 425985348 425981292 425984283 425989270 
1026000 64 426821284 426814737 426816173 426816755 426812801 
1028000 64 427648538 427645600 427647483 427646846 427640283 
1030000 64 428475277 428483145 428475520 428483830 428477985 
1032000 64 429308861 429322437 429313571 429316448 429311541 
1034000 64 430145278 430148529 430139997 430147084 430150671 
1036000 64 430976324 430982956 430974068 430970327 430979730 
1038000 64 431803217 431807300 431808826 431803953 431806901 
1040000 64 432635576 432640952 432636102 432652385 432638988 
1042000 64 433466877 433474316 433473403 433466665 433469316 
1044000 64 434305439 434302311 434302720 434308337 434306914 
1046000 64 435142005 435132485 435131868 435137788 435137879 
1048000 64 435977045 435974366 435967431 435972354 435968639 
1050000 64 436800465 436796613 436801090 436801991 436800742 
1052000 64 437632751 437631005 437629763 437633771 437632866 
1054000 64 438467724 438466567 438454912 438465580 438460600 
1056000 64 439288501 439301404 439299004 439293182 439299882 
1058000 64 440127371 440135010 440126169 440127244 440122605 
1060000 64 440968307 440963620 440957112 440963151 440963154 
1062000 64 441795160 441798613 441794035 441790917 441787732 
1064000 64 442626122 442624454 442622633 442617933 442621931 
1066000 64 443465803 443458263 443456904 443452613 443467593 
1068000 64 444289691 444288603 444288117 444285436 444286117 
1070000 64 445121157 445114263 445118105 445123360 445121328 
1072000 64 445950457 445949943 445958863 445952325 445958517 
1074000 64 446782400 446788447 446785917 446790967 446776907 
1076000 64 447615197 447616682 447614748 447616856 447613519 
1078000 64 448434431 448440591 448451390 448450132 448448196 
1080000 64 449278852 449281627 449281931 449281595 449277573 
1082000 64 450116541 450107988 450110702 450112834 450108204 
1084000 64 450947993 450942151 450932616 450943142 450941968 
1086000 64 451777523 451775529 451780501 451778845 451783206 
1088000 64 452614037 452612683 452605845 452611834 452601437 
1090000 64 453442235 453443526 453446298 453435548 453442527 
1092000 64 454264672 454266269 454268336 454278483 454272869 
1094000 64 455098627 455103808 455093414 455102423 455112121 
1096000 64 455936469 455938173 455930428 455932425 455937888 
1098000 64 456768015 456765743 456772128 456765927 456770093 
1100000 64 457596771 457599279 457600433 457598406 457594300 
1102000 64 458426650 458426227 458428082 458426880 458425728 
1104000 64 459267413 459260949 459263391 459257908 459264284 
1106000 64 460091326 460088886 460099442 460106245 460100328 
1108000 64 460928587 460937403 460931549 460931121 460927381 
1110000 64 461753891 461763420 461752942 461761804 461768207 
1112000 64 462591489 462591041 462590745 462589925 462588430 
1114000 64 463424712 463429167 463422723 463427621 463420735 
1116000 64 464254947 464255745 464257632 464252063 464252541 
1118000 64 465094359 465096098 465085824 465089154 465097175 
1120000 64 465924595 465914752 465920261 465921314 465919903 
1122000 64 466752615 466751811 466754836 466758477 466753263 
1124000 64 467583317 467586828 467583424 467577770 467582765 
1126000 64 468411485 468415445 468411295 468413477 468409483 
1128000 64 469247012 469248695 469252599 469245974 469244255 
1130000 64 470086924 470071518 470076818 470078196 470074483 
1132000 64 470914691 470914265 470910751 470918198 470920184 
1134000 64 471744704 471744074 471744300 471746086 471748071 
1136000 64 472575559 472577024 472576412 472585737 472580336 
1138000 64 473412988 473411569 473414358 473401412 473410442 
1140000 64 474240599 474239393 474243991 474240000 474239234 
1142000 64 475076024 475071405 475065383 475068871 475072950 
1144000 64 475907298 475913551 475900977 475913204 475904353 
1146000 64 476735248 476733406 476738385 476735697 476732720 
1148000 64 477572868 477572451 477565353 477565361 477562855 
1150000 64 478404332 478405686 478406718 478399104 478402305 
1152000 64 479230673 479236326 479237276 479226816 479231686 
1154000 64 480058904 480068276 480063358 480074720 480064129 
1156000 64 480892230 480898842 480889193 480896931 480894763 
1158000 64 481727756 481729890 481729969 481727809 481729671 
1160000 64 482563394 482557382 482568927 482554635 482561367 
1162000 64 483395450 483392366 483391238 483399063 483394657 
1164000 64 484227378 484223168 484224004 484231664 484221784 
1166000 64 485054103 485057293 485057468 485057831 485057792 
1168000 64 485890551 485898670 485886378 485892147 485889837 
1170000 64 486722960 486712646 486724548 486720228 486719946 
1172000 64 487559394 487555510 487552062 487549860 487550112 
1174000 64 488379969 488388222 488382081 488382681 488379346 
1176000 64 489213903 489215485 489212687 489225182 489214689 
1178000 64 490047735 490048446 490050729 490044185 490046478 
1180000 64 490878277 490883180 490880161 490874055 490882090 
1182000 64 491715038 491714209 491714616 491711011 491714305 
1184000 64 492539681 492547655 492543078 492539968 492538715 
1186000 64 493379797 493371844 493385074 493382016 493389305 
1188000 64 494212817 494215866 494214025 494213086 494201692 
1190000 64 495041267 495039973 495033734 495045621 495037473 
1192000 64 495870273 495868485 495874437 495871747 495870195 
1194000 64 496704512 496704277 496709953 496708767 496705884 
1196000 64 497532453 497540518 497527185 497533852 497539918 
1198000 64 498367232 498368484 498362475 498375157 498369113 
1200000 64 499197351 499195571 499197317 499198163 499191897 
1202000 64 500031369 500031761 500030422 500034075 500035082 
1204000 64 500864319 500863600 500863752 500865264 500864762 
1206000 64 501694913 501697955 501698589 501691364 501696562 
1208000 64 502525367 502521836 502532008 502520113 502532490 
1210000 64 503365694 503361738 503369201 503356139 503361816 
1212000 64 504191890 504197503 504195947 504189648 504192865 
1214000 64 505019988 505019304 505021859 505019810 505024916 
1216000 64 505857848 505859117 505854829 505851098 505865613 
1218000 64 506688773 506683187 506691658 506687940 506694901 
1220000 64 507520759 507521636 507522409 507510947 507513407 
1222000 64 508354354 508355871 508354022 508354111 508348486 
1224000 64 509187624 509178899 509183576 509179387 509179903 
1226000 64 510012243 510021744 510016833 510017402 510013059 
1228000 64 510846012 510850344 510845108 510849354 510854536 
1230000 64 511687203 511677931 511678732 511675255 511670687 
1232000 64 512522553 512514635 512509248 512509512 512508518 
1234000 64 513341468 513336765 513350359 513349590 513348352 
1236000 64 514177106 514176885 514184220 514164930 514172186 
1238000 64 515007981 515004078 515011648 515014977 515002081 
1240000 64 515840295 515846708 515844714 515838286 515839099 
1242000 64 516679714 516664872 516669070 516676968 516672280 
1244000 64 517503699 517503330 517505894 517503837 517508799 
1246000 64 518340848 518333327 518337701 518333296 518331700 
1248000 64 519164070 519173684 519160570 519178787 519166756 
1250000 64 520000475 520007863 519997139 519991557 519996642 
1252000 64 520827643 520833178 520827954 520831240 520831241 
1254000 64 521670463 521667669 521668562 521668848 521662687 
1256000 64 522492054 522494269 522493146 522500652 522499423 
1258000 64 523328278 523329835 523331541 523333204 523334009 
1260000 64 524157791 524162769 524154020 524157205 524160567 
1262000 64 524985662 525000381 525000481 524997405 524988747 
1264000 64 525829770 525823075 525826455 525831068 525824223 
1266000 64 526659678 526659641 526647995 526658176 526655010 
1268000 64 527487625 527486826 527485996 527496626 527484045 
1270000 64 528321507 528322718 528317900 528327101 528312964 
1272000 64 529147313 529152657 529154180 529154925 529152073 
1274000 64 529977980 529982484 529985736 529982572 529986856 
1276000 64 530817163 530812759 530819714 530821047 530815549 
1278000 64 531646909 531649684 531645691 531657000 531649065 
1280000 64 532482354 532475293 532480249 532484972 532477998 
1282000 64 533301263 533311644 533308165 533311800 533307401 
1284000 64 534144654 534143082 534142497 534149173 534140564 
1286000 64 534973050 534982450 534977729 534978286 534971216 
1288000 64 535809913 535809785 535808264 535817075 535812181 
1290000 64 536638393 536646757 536633038 536635675 536641795 
1292000 64 537469955 537467945 537465757 537466868 537473383 
1294000 64 538306306 538308006 538301311 538305231 538311632 
1296000 64 539135155 539138736 539138947 539140822 539133308 
1298000 64 539971101 539963178 539969372 539965002 539971223 
1300000 64 540800248 540804565 540797072 540798847 540800824 
1302000 64 541637519 541624775 541632721 541632425 541632879 
1304000 64 542463480 542465959 542463467 542459977 542463556 
1306000 64 543302387 543295231 543297902 543296379 543299273 
1308000 64 544123261 544135142 544128528 544128800 544123708 
1310000 64 544959363 544956352 544961647 544958650 544961281 
1312000 64 545794811 545785376 545796902 545805270 545792173 
1314000 64 546624111 546631206 546628545 546629392 546623803 
1316000 64 547461200 547459594 547453553 547444722 547460503 
1318000 64 548288477 548289178 548284632 548279500 548289862 
1320000 64 549119866 549115095 549119858 549122170 549116907 
1322000 64 549956263 549949439 549951845 549948406 549952056 
1324000 64 550781120 550794039 550788657 550786053 550777785 
1326000 64 551611486 551618248 551609385 551620768 551613889 
1328000 64 552441027 552442083 552443995 552448807 552443330 
1330000 64 553277041 553278441 553285088 553282006 553283284 
1332000 64 554104130 554104180 554118991 554112815 554115596 
1334000 64 554934658 554947692 554959914 554950876 554944937 
1336000 64 555769929 555770030 555775358 555773040 555778765 
1338000 64 556608687 556608953 556610453 556596037 556601620 
1340000 64 557440891 557441595 557443786 557432678 557439571 
1342000 64 558272760 558272964 558270320 558270663 558267578 
1344000 64 559101832 559108393 559100503 559096100 559101514 
1346000 64 559940817 559923443 559936065 559928359 559941421 
1348000 64 560767554 560770561 560758328 560764779 560764455 
1350000 64 561596213 561607602 561602811 561592401 561605709 
1352000 64 562427175 562431196 562430274 562417490 562436738 
1354000 64 563258822 563265478 563257658 563271836 563259981 
1356000 64 564092509 564110090 564088221 564093847 564089020 
1358000 64 564924989 564926180 564930217 564924785 564925930 
1360000 64 565754594 565756669 565758837 565759545 565766134 
1362000 64 566588266 566594745 566588072 566599404 566592386 
1364000 64 567414467 567425899 567421876 567426403 567425447 
1366000 64 568254803 568259806 568254421 568258253 568257491 
1368000 64 569086106 569087275 569087468 569091910 569086853 
1370000 64 569917337 569923974 569925177 569913257 569921309 
1372000 64 570748056 570748839 570755819 570754130 570746916 
1374000 64 571585797 571582700 571580756 571580804 571591409 
1376000 64 572422900 572422869 572421022 572410178 572415448 
1378000 64 573246189 573246478 573246129 573235994 573247371 
1380000 64 574074224 574086285 574077776 574081835 574079296 
1382000 64 574906800 574912418 574916649 574911894 574905047 
1384000 64 575741027 575735873 575745306 575735478 575747888 
1386000 64 576567930 576575262 576577048 576585549 576581996 
1388000 64 577406718 577403526 577412666 577407744 577401491 
1390000 64 578251279 578237959 578239037 578248657 578238107 
1392000 64 579080990 579070473 579065961 579069857 579071064 
1394000 64 579907936 579914466 579909518 579901837 579906186 
1396000 64 580736666 580741968 580736031 580738456 580733358 
1398000 64 581561950 581566482 581566188 581562371 581566889 
1400000 64 582396039 582403045 582395632 582394033 582398211 
1402000 64 583229170 583230249 583236404 583234693 583238970 
1404000 64 584067413 584063296 584062557 584065550 584063521 
1406000 64 584897966 584899535 584896589 584901185 584888166 
1408000 64 585727092 585733280 585720932 585719045 585727083 
1410000 64 586549828 586557446 586559272 586560764 586558473 
1412000 64 587392786 587391192 587390853 587387720 587404510 
1414000 64 588227180 588223495 588221326 588226036 588218552 
1416000 64 589056496 589061239 589056235 589054124 589055324 
1418000 64 589883766 589889678 589895493 589886627 589889031 
1420000 64 590718986 590722999 590721197 590717859 590725524 
1422000 64 591549813 591551842 591552875 591553120 591546637 
1424000 64 592383092 592379342 592380701 592395851 592383997 
1426000 64 593217507 593224821 593208423 593212510 593214924 
1428000 64 594049258 594047460 594047153 594042684 594044132 
1430000 64 594877345 594883101 594881381 594877914 594881206 
1432000 64 595712231 595716793 595707473 595709665 595712899 
1434000 64 596548319 596539856 596544811 596543230 596548429 
1436000 64 597379486 597373121 597378027 597380499 597383763 
1438000 64 598209581 598212033 598205719 598204352 598207024 
1440000 64 599043053 599042711 599041035 599044761 599041980 
1442000 64 599866365 599876731 599875083 599872845 599873091 
1444000 64 600698895 600699665 600701708 600704377 600702322 
1446000 64 601532731 601534814 601538101 601535605 601536866 
1448000 64 602361291 602369452 602373936 602366387 602365873 
1450000 64 603204944 603203497 603209500 603191822 603196272 
1452000 64 604029820 604026230 604031141 604028443 604027529 
1454000 64 604858095 604861086 604867924 604866958 604864685 
1456000 64 605704818 605691577 605695951 605690790 605701280 
1458000 64 606537971 606528058 606524053 606530416 606532060 
1460000 64 607359893 607358427 607363824 607361663 607353732 
1462000 64 608189957 608189997 608196711 608194359 608184997 
1464000 64 609017598 609032916 609021017 609030389 609025301 
1466000 64 609854067 609860307 609855789 609858349 609858176 
1468000 64 610690089 610683357 610678140 610687059 610680911 
1470000 64 611519964 611521581 611516615 611518897 611515252 
1472000 64 612350643 612360849 612353632 612349681 612363490 
1474000 64 613188920 613187895 613177683 613179439 613187121 
1476000 64 614012691 614014385 614015176 614016920 614014841 
1478000 64 614845428 614842883 614857741 614848702 614849613 
1480000 64 615686127 615677391 615678053 615672176 615681374 
1482000 64 616515913 616502130 616500822 616511640 616513426 
1484000 64 617346414 617339769 617343835 617341070 617350221 
1486000 64 618178110 618183246 618174015 618171697 618174800 
1488000 64 619008415 619002922 619011393 618998591 619011090 
1490000 64 619837435 619845353 619842060 619842018 619830179 
1492000 64 620681195 620668469 620674008 620675124 620676114 
1494000 64 621512783 621496327 621509495 621500925 621512722 
1496000 64 622330534 622334064 622333361 622338177 622343759 
1498000 64 623166970 623172431 623174374 623170691 623166807 
1500000 64 623999908 623991824 623996081 623998611 623994724 
1502000 64 624830892 624836847 624834545 624830651 624833506 
1504000 64 625669781 625660137 625662443 625654322 625667651 
1506000 64 626493155 626496378 626501284 626496010 626491984 
1508000 64 627328971 627328819 627333754 627333817 627333438 
1510000 64 628162050 628148815 628161503 628158154 628154482 
1512000 64 628997950 628987040 629001991 628985779 628996304 
1514000 64 629819949 629822350 629825499 629826182 629821938 
1516000 64 630657118 630667057 630652904 630656477 630652930 
1518000 64 631494446 631485904 631491465 631497759 631491759 
1520000 64 632314006 632324389 632307854 632332646 632323238 
1522000 64 633151182 633160347 633146780 633149805 633150871 
1524000 64 633985292 633976604 633978437 633975507 633991676 
1526000 64 634822302 634811024 634822239 634820204 634816116 
1528000 64 635646640 635655714 635650534 635647593 635641275 
1530000 64 636478777 636484275 636481072 636490351 636481569 
1532000 64 637310665 637310121 637304007 637306424 637311926 
1534000 64 638149433 638141716 638140819 638148925 638138855 
1536000 64 638975311 638979175 638974083 638980249 638971546 
1538000 64 639800900 639804684 639803646 639810758 639812017 
1540000 64 640639965 640641458 640641637 640629694 640630709 
1542000 64 641472152 641474512 641482949 641466974 641474853 
1544000 64 642298642 642299146 642302696 642312075 642300454 
1546000 64 643130119 643129931 643130666 643136283 643126988 
1548000 64 643958288 643965547 643968662 643974152 643966752 
1550000 64 644800020 644793449 644797816 644802712 644792285 
1552000 64 645638486 645631561 645630591 645633342 645626142 
1554000 64 646471452 646465542 646468262 646458916 646465318 
1556000 64 647297546 647292416 647297773 647299649 647293083 
1558000 64 648130897 648132151 648129430 648121845 648123262 
1560000 64 648950506 648959898 648954758 648960869 648966100 
1562000 64 649783027 649793136 649791625 649793010 649790018 
1564000 64 650618940 650625274 650626569 650617986 650610183 
1566000 64 651459921 651449217 651455537 651464010 651450880 
1568000 64 652286930 652286967 652284312 652290375 652293691 
1570000 64 653131819 653121096 653118605 653114944 653123136 
1572000 64 653946915 653944878 653945061 653947831 653954913 
1574000 64 654777840 654780893 654779834 654776240 654793213 
1576000 64 655624058 655613408 655615104 655607609 655621026 
1578000 64 656445245 656458081 656445785 656445338 656461262 
1580000 64 657282117 657273964 657289798 657282501 657278494 
1582000 64 658115120 658104312 658114200 658124204 658109696 
1584000 64 658946022 658939551 658952778 658940310 658946353 
1586000 64 659773169 659774782 659773832 659773709 659773430 
1588000 64 660615542 660608236 660612611 660612211 660603535 
1590000 64 661439997 661434514 661435480 661442873 661435548 
1592000 64 662272638 662274231 662269923 662273254 662276353 
1594000 64 663102379 663109606 663103051 663109578 663097139 
1596000 64 663942966 663930833 663927050 663932470 663927513 
1598000 64 664770582 664771728 664772529 664764828 664760533 
1600000 64 665595228 665598329 665593675 665596593 665601101 
1602000 64 666424621 666434473 666430973 666433012 666424724 
1604000 64 667268741 667265029 667252359 667258174 667262760 
1606000 64 668091467 668100942 668103434 668089612 668090129 
1608000 64 668938193 668931163 668926745 668926135 668915891 
1610000 64 669757099 669759429 669757845 669758369 669765682 
1612000 64 670589385 670603156 670590142 670590086 670596512 
1614000 64 671423215 671432559 671426046 671418369 671423580 
1616000 64 672254737 672258381 672262021 672261740 672246655 
1618000 64 673084375 673082194 673093121 673094745 673092430 
1620000 64 673913992 673927775 673927590 673925647 673927385 
1622000 64 674757488 674744738 674753568 674757431 674747378 
1624000 64 675590734 675592579 675591497 675595746 675583127 
1626000 64 676420011 676415848 676405989 676421291 676418003 
1628000 64 677251748 677245527 677238977 677253001 677252622 
1630000 64 678081769 678079513 678072496 678084303 678078728 
1632000 64 678910673 678921555 678903975 678909040 678904841 
1634000 64 679741375 679735607 679748210 679749943 679738750 
1636000 64 680575654 680579024 680579075 680578323 680583804 
1638000 64 681404117 681406950 681401232 681407760 681406266 
1640000 64 682245694 682247419 682239412 682235708 682240229 
1642000 64 683072555 683073946 683081596 683072415 683073887 
1644000 64 683906530 683895614 683901949 683906766 683906206 
1646000 64 684741929 684737987 684734133 684737626 684727605 
1648000 64 685561760 685566989 685571475 685561369 685560691 
1650000 64 686403186 686399525 686398432 686401208 686401936 
1652000 64 687233247 687239555 687239554 687229565 687226388 
1654000 64 688066814 688066781 688061553 688070386 688072757 
1656000 64 688906268 688901205 688894593 688897973 688898181 
1658000 64 689721551 689728152 689723610 689725609 689727268 
1660000 64 690568601 690564102 690554016 690556953 690568971 
1662000 64 691384154 691394789 691393861 691383040 691395956 
1664000 64 692222033 692229636 692219495 692228724 692221636 
1666000 64 693062082 693049750 693052690 693058890 693064873 
1668000 64 693898651 693884378 693888108 693892269 693888875 
1670000 64 694724552 694723264 694723664 694721535 694717831 
1672000 64 695556692 695563631 695546172 695550524 695557959 
1674000 64 696377481 696381781 696385447 696380602 696384534 
1676000 64 697209319 697218501 697216270 697208564 697214316 
1678000 64 698051833 698050699 698054203 698051862 698051594 
1680000 64 698873261 698880498 698882404 698878729 698883793 
1682000 64 699706577 699710409 699706735 699712932 699712491 
1684000 64 700551452 700550678 700542375 700544718 700543819 
1686000 64 701376130 701370934 701371962 701370728 701377123 
1688000 64 702199741 702204112 702201937 702206276 702207657 
1690000 64 703041154 703043023 703037132 703042018 703040602 
1692000 64 703868625 703873303 703868027 703878367 703875791 
1694000 64 704704187 704706984 704703826 704697770 704708601 
1696000 64 705539495 705538944 705538147 705540357 705540616 
1698000 64 706371375 706365700 706367974 706378321 706367475 
1700000 64 707196276 707192683 707194292 707191025 707202701 
1702000 64 708032644 708040148 708034931 708033472 708029335 
1704000 64 708866196 708863769 708868455 708852601 708858183 
1706000 64 709700293 709696740 709693201 709700635 709696812 
1708000 64 710533358 710531062 710521919 710523549 710534930 
1710000 64 711361945 711353377 711360926 711351301 711362506 
1712000 64 712199029 712189458 712188235 712195496 712189117 
1714000 64 713020826 713021221 713018941 713013921 713020895 
1716000 64 713851780 713860359 713861382 713854212 713854635 
1718000 64 714676105 714696032 714692410 714689458 714691123 
1720000 64 715524248 715516969 715521404 715516165 715523451 
1722000 64 716355761 716345080 716355492 716358333 716357793 
1724000 64 717177956 717185254 717188860 717182695 717185378 
1726000 64 718017201 718020458 718030964 718014905 718023371 
1728000 64 718850148 718840540 718851323 718841516 718851622 
1730000 64 719674699 719679307 719677379 719688479 719683687 
1732000 64 720513926 720510640 720511171 720511600 720504823 
1734000 64 721350418 721346745 721353246 721346798 721341866 
1736000 64 722175707 722181033 722175283 722176488 722182985 
1738000 64 723008599 723006430 723012774 723012935 723003826 
1740000 64 723840459 723842025 723842351 723838313 723842719 
1742000 64 724675730 724669565 724679578 724663433 724667562 
1744000 64 725506252 725498562 725499738 725504042 725510344 
1746000 64 726337666 726340853 726334146 726344122 726332279 
1748000 64 727168125 727175193 727172171 727170580 727166702 
1750000 64 728006335 728000068 728003878 728008058 728008222 
1752000 64 728834043 728830546 728827460 728829685 728822530 
1754000 64 729666026 729666988 729663479 729663595 729657817 
1756000 64 730494755 730494352 730505062 730487610 730487189 
1758000 64 731331915 731333655 731323568 731323350 731326749 
1760000 64 732156794 732155264 732156316 732158146 732164656 
1762000 64 732998292 732989781 732998605 732995335 732992318 
1764000 64 733825919 733825289 733820532 733826442 733831060 
1766000 64 734662951 734645333 734657929 734653114 734650743 
1768000 64 735484901 735496087 735498195 735479089 735491250 
1770000 64 736323168 736311532 736316804 736318889 736320868 
1772000 64 737151477 737136580 737152469 737148977 737148737 
1774000 64 737991158 737988425 737970673 737983020 737985328 
1776000 64 738816339 738805716 738819225 738811493 738818432 
1778000 64 739648403 739653565 739640557 739647084 739638465 
1780000 64 740476736 740472779 740482903 740477932 740484051 
1782000 64 741313287 741317242 741310563 741314129 741304742 
1784000 64 742149003 742139609 742147249 742145006 742135750 
1786000 64 742978002 742987914 742969167 742978497 742974845 
1788000 64 743802219 743808905 743805291 743803196 743805382 
1790000 64 744630846 744638471 744641596 744640554 744631707 
1792000 64 745471106 745471360 745473115 745463692 745468739 
1794000 64 746303815 746307361 746305531 746293229 746299145 
1796000 64 747142543 747140419 747132657 747134656 747126578 
1798000 64 747964849 747962289 747974977 747968565 747973121 
1800000 64 748790908 748802795 748795735 748802265 748789605 
1802000 64 749636777 749635060 749628029 749633015 749629129 
1804000 64 750462112 750463471 750467229 750457141 750466398 
1806000 64 751297605 751292278 751296070 751295717 751306760 
1808000 64 752127442 752119541 752133861 752126603 752131292 
1810000 64 752967970 752949840 752968023 752963666 752957595 
1812000 64 753789340 753795268 753787375 753799379 753795125 
1814000 64 754622763 754624678 754629864 754631046 754625216 
1816000 64 755454121 755459703 755457730 755465630 755450007 
1818000 64 756282552 756285643 756300248 756283834 756282537 
1820000 64 757120957 757113968 757125266 757102543 757119528 
1822000 64 757947668 757942835 757947382 757946513 757958263 
1824000 64 758795803 758775730 758784020 758773204 758792055 
1826000 64 759624354 759611414 759621082 759629151 759615355 
1828000 64 760446895 760446788 760441834 760451277 760449553 
1830000 64 761274484 761280422 761282896 761275815 761282238 
1832000 64 762120575 762112327 762118034 762118405 762110263 
1834000 64 762947024 762947220 762954433 762952398 762954692 
1836000 64 763774088 763783131 763775492 763778555 763775638 
1838000 64 764613696 764601382 764607171 764608493 764605719 
1840000 64 765450464 765429838 765442136 765443174 765440795 
1842000 64 766278248 766263662 766272649 766279142 766279420 
1844000 64 767101596 767109610 767102194 767109123 767092147 
1846000 64 767929170 767933815 767934536 767932604 767929039 
1848000 64 768763288 768771037 768753691 768767812 768772040 
1850000 64 769607918 769605574 769605133 769599142 769604570 
1852000 64 770425085 770429011 770429686 770435912 770435996 
1854000 64 771260340 771265440 771267582 771259492 771265460 
1856000 64 772093121 772095745 772099852 772106029 772090097 
1858000 64 772921114 772924750 772931339 772930535 772927117 
1860000 64 773755624 773755003 773764773 773755195 773758381 
1862000 64 774587220 774597681 774593404 774594147 774591106 
1864000 64 775421377 775429314 775427231 775425793 775425526 
1866000 64 776259751 776259985 776249762 776263171 776259044 
1868000 64 777094132 777088659 777090152 777085057 777081340 
1870000 64 777930218 777921184 777923169 777922844 777914692 
1872000 64 778758744 778752873 778749216 778748195 778751737 
1874000 64 779586722 779579777 779585477 779583298 779578785 
1876000 64 780406413 780411249 780416401 780419106 780413199 
1878000 64 781246810 781246725 781256613 781250058 781246900 
1880000 64 782080735 782070012 782078135 782084397 782078239 
1882000 64 782910277 782912445 782909540 782904669 782915721 
1884000 64 783749667 783742107 783733220 783742062 783748148 
1886000 64 784576303 784579589 784579469 784579909 784589226 
1888000 64 785405758 785406871 785413749 785402273 785397435 
1890000 64 786239557 786245160 786234372 786247342 786238848 
1892000 64 787077964 787072414 787077754 787065456 787068619 
1894000 64 787897479 787909095 787900734 787898766 787906306 
1896000 64 788724395 788733625 788741440 788738468 788745123 
1898000 64 789567851 789565207 789572306 789567220 789567855 
1900000 64 790385884 790399368 790397477 790400220 790395130 
1902000 64 791239855 791222332 791230486 791228994 791235717 
1904000 64 792067846 792066770 792056388 792066708 792060435 
1906000 64 792890564 792889373 792899690 792903812 792887785 
1908000 64 793717083 793722496 793725091 793730143 793732912 
1910000 64 794552239 794560801 794570263 794556608 794551468 
1912000 64 795402190 795389659 795392055 795395263 795392188 
1914000 64 796221974 796215744 796223806 796223546 796221578 
1916000 64 797056533 797066841 797053275 797050040 797061401 
1918000 64 797891846 797889464 797890465 797887264 797891807 
1920000 64 798729208 798716012 798726326 798730204 798724586 
1922000 64 799551534 799554133 799554690 799554689 799550045 
1924000 64 800380331 800390575 800377903 800383256 800393275 
1926000 64 801220933 801215461 801219474 801210212 801211644 
1928000 64 802056850 802056766 802053339 802043331 802044743 
1930000 64 802871432 802880780 802882296 802880715 802883634 
1932000 64 803711008 803719807 803708367 803699516 803708578 
1934000 64 804541021 804546325 804538669 804536060 804548322 
1936000 64 805379872 805378557 805380252 805363449 805373322 
1938000 64 806215750 806219140 806216541 806204974 806217968 
1940000 64 807052662 807050808 807053170 807034598 807037253 
1942000 64 807872649 807872171 807875795 807875830 807864956 
1944000 64 808715617 808709957 808705876 808705167 808698964 
1946000 64 809533983 809534137 809526824 809545176 809532719 
1948000 64 810374024 810374803 810362315 810361691 810366178 
1950000 64 811200403 811203543 811197619 811198594 811203137 
1952000 64 812034132 812047759 812036594 812024278 812041635 
1954000 64 812864633 812868460 812859937 812860102 812863524 
1956000 64 813697995 813697965 813699676 813701237 813693830 
1958000 64 814527493 814532634 814527311 814526192 814534960 
1960000 64 815361616 815356113 815357517 815363164 815354351 
1962000 64 816184169 816194519 816183258 816193253 816196086 
1964000 64 817020803 817024784 817021939 817023365 817025076 
1966000 64 817868026 817859746 817851203 817861859 817854807 
1968000 64 818687763 818696607 818691640 818685448 818689671 
1970000 64 819522132 819522473 819529733 819524215 819524527 
1972000 64 820351861 820352111 820354640 820356690 820359549 
1974000 64 821179711 821178548 821180631 821185883 821191211 
1976000 64 822022131 822019336 822016905 822012664 822012209 
1978000 64 822842789 822838918 822848389 822845180 822848398 
1980000 64 823669600 823679296 823678135 823665131 823677969 
1982000 64 824509069 824515366 824511026 824505171 824511883 
1984000 64 825348627 825334496 825354585 825344462 825344047 
1986000 64 826177028 826182354 826179067 826189735 826174139 
1988000 64 826998336 826998749 827004611 827014638 826995507 
1990000 64 827841688 827845941 827832632 827834879 827836313 
1992000 64 828671960 828681075 828668409 828665970 828677302 
1994000 64 829506924 829507404 829500995 829512352 829500847 
1996000 64 830334780 830335468 830338913 830341976 830351550 
1998000 64 831161814 831169729 831175867 831170830 831170420 
2000000 64 832006827 832007160 832001931 832003952 831998598 
