10 64 4423 4403 4409 4397 4417 4422 4423 4413 4405 4405 4423 4436 4401 4385 4391 4424 4428 4408 4415 4414 4415 4408 4416 4410 4425 4433 4429 4414 4411 4423 4395 4422 4421 4412 4416 4411 4408 4416 4406 4416 4414 4442 4422 4419 4400 4397 4383 4412 4410 4409 4399 4421 4411 4417 4384 4412 4418 4410 4427 4398 4430 4431 4421 4428 4400 4408 4413 4397 4419 4425 4422 4379 4405 4346 4406 4376 4417 4406 4421 4415 4384 4432 4400 4429 4429 4406 4422 4429 4383 4403 4363 4362 4423 4429 4401 4436 4419 4412 4427 4418 
20 64 8590 8560 8574 8559 8537 8579 8584 8572 8593 8547 8577 8592 8618 8582 8563 8582 8573 8580 8581 8571 8564 8574 8591 8554 8569 8588 8593 8604 8561 8563 8563 8572 8581 8565 8577 8590 8588 8574 8540 8585 8565 8571 8582 8529 8564 8582 8587 8583 8586 8602 8580 8586 8568 8564 8569 8587 8578 8587 8592 8564 8580 8591 8582 8572 8591 8584 8546 8559 8579 8559 8567 8572 8553 8593 8590 8546 8568 8560 8555 8543 8582 8557 8603 8590 8584 8585 8562 8548 8554 8568 8594 8586 8593 8543 8579 8592 8613 8591 8606 8555 
30 64 12709 12730 12726 12719 12744 12758 12755 12750 12739 12736 12770 12717 12739 12750 12741 12752 12711 12721 12715 12655 12734 12706 12748 12746 12767 12721 12743 12699 12728 12704 12717 12728 12741 12717 12740 12735 12746 12744 12705 12757 12753 12729 12793 12746 12727 12762 12757 12808 12703 12749 12675 12713 12767 12725 12753 12755 12748 12735 12757 12733 12755 12669 12753 12729 12767 12746 12716 12735 12701 12741 12708 12728 12729 12706 12725 12766 12714 12747 12774 12713 12731 12745 12715 12716 12752 12743 12768 12725 12736 12738 12756 12726 12703 12732 12706 12734 12721 12801 12752 12750 
40 64 16937 16911 16896 16906 16868 16836 16885 16927 16885 16881 16895 16861 16912 16860 16858 16932 16943 16892 16880 16847 16928 16901 16944 16898 16887 16894 16912 16944 16935 16881 16866 16933 16933 16871 16930 16869 16897 16903 16931 16880 16931 16915 16903 16880 16879 16912 16876 16906 16869 16898 16895 16903 16905 16875 16856 16904 16854 16934 16898 16919 16867 16914 16884 16910 16921 16918 16904 16924 16886 16865 16933 16819 16892 16901 16897 16891 16922 16913 16866 16897 16871 16920 16880 16893 16935 16902 16921 16905 16867 16904 16915 16927 16883 16924 16875 16858 16927 16881 16923 16905 
50 64 21037 21086 21042 21032 21075 21082 21006 21033 21086 21027 21086 21077 21022 21037 21060 21089 21055 21032 21049 21070 21063 21032 21101 21103 21064 21033 21085 21055 21070 21024 21036 21101 21084 21116 21045 21079 21105 21026 21108 21042 21064 21053 21043 21070 21024 21066 21005 21065 21041 21082 21026 21030 21089 21019 21121 21060 21081 21086 21082 21066 21054 21047 21050 21074 21060 21044 21088 21119 21054 21076 21074 21034 21077 21096 21074 21027 21063 21085 21013 21051 21085 21073 21099 21032 21054 21076 21034 21006 21098 21009 21031 21095 21087 21042 21069 21023 21057 21051 21089 21075 
60 64 25293 25262 25166 25195 25215 25192 25199 25189 25199 25213 25188 25226 25179 25255 25217 25181 25194 25262 25246 25191 25239 25223 25263 25244 25145 25226 25252 25218 25259 25179 25221 25235 25219 25171 25230 25210 25167 25230 25211 25203 25284 25192 25222 25232 25225 25221 25208 25115 25235 25176 25227 25232 25228 25210 25214 25220 25185 25192 25193 25238 25171 25183 25232 25250 25228 25203 25205 25223 25231 25270 25158 25245 25257 25209 25263 25238 25239 25256 25226 25200 25246 25170 25152 25183 25281 25218 25175 25241 25260 25173 25251 25211 25212 25147 25249 25223 25232 25242 25210 25198 
70 64 29411 29324 29367 29351 29321 29435 29329 29332 29339 29379 29365 29360 29342 29314 29330 29372 29376 29393 29383 29383 29354 29348 29384 29407 29441 29394 29376 29362 29415 29343 29415 29384 29359 29363 29379 29397 29330 29436 29322 29382 29404 29415 29395 29380 29302 29361 29402 29387 29336 29443 29455 29435 29417 29312 29369 29353 29330 29377 29395 29383 29381 29372 29399 29379 29452 29365 29373 29422 29343 29370 29392 29434 29353 29319 29398 29320 29394 29358 29394 29335 29402 29428 29361 29432 29419 29387 29280 29362 29364 29420 29331 29452 29325 29375 29402 29392 29407 29348 29390 29378 
80 64 33551 33522 33529 33507 33528 33508 33548 33524 33544 33519 33507 33550 33572 33571 33550 33568 33594 33531 33570 33510 33533 33460 33546 33513 33534 33576 33526 33568 33486 33544 33510 33532 33574 33561 33547 33586 33564 33534 33531 33580 33523 33512 33459 33559 33566 33544 33503 33521 33577 33504 33578 33505 33546 33537 33492 33540 33538 33523 33547 33498 33530 33544 33583 33545 33634 33507 33548 33499 33581 33528 33585 33538 33508 33555 33547 33513 33531 33556 33525 33540 33600 33507 33493 33499 33545 33539 33560 33618 33507 33518 33505 33513 33551 33539 33574 33507 33506 33524 33547 33567 
90 64 37698 37674 37735 37685 37647 37758 37613 37628 37635 37688 37688 37782 37698 37686 37697 37783 37710 37638 37644 37758 37698 37686 37680 37666 37661 37662 37721 37700 37676 37654 37713 37690 37754 37687 37663 37683 37683 37688 37673 37671 37707 37672 37673 37682 37679 37648 37736 37743 37703 37678 37606 37677 37749 37668 37737 37656 37675 37674 37658 37666 37641 37687 37704 37741 37690 37760 37666 37660 37685 37726 37594 37642 37680 37708 37655 37668 37658 37660 37710 37675 37694 37734 37655 37698 37713 37698 37720 37631 37697 37715 37635 37698 37657 37670 37734 37699 37712 37683 37678 37626 
100 64 41843 41844 41904 41885 41809 41906 41817 41758 41830 41780 41871 41877 41848 41873 41864 41938 41903 41917 41880 41822 41928 41892 41824 41861 41912 41842 41924 41826 41858 41894 41912 41869 41910 41807 41848 41821 41868 41932 41878 41762 41907 41933 41867 41893 41897 41892 41897 41851 41877 41765 41869 41873 41864 41887 41800 41834 41881 41856 41881 41885 41814 41890 41968 41942 41904 41875 41875 41834 41793 41927 41838 41882 41858 41838 41874 41863 41842 41869 41932 41841 41884 41821 41890 41935 41818 41841 41846 41920 41907 41884 41920 41870 41920 41871 41866 41858 41936 41855 41792 41857 
110 64 45916 45958 46031 46071 46036 45984 45989 46041 46020 45974 45971 45994 46027 46027 46031 46007 45959 46081 46016 45935 46002 46020 46051 46008 46003 46046 45999 45998 45997 45978 46090 46026 46007 46027 45986 46120 46022 46054 45966 45930 45994 45959 45910 45986 46058 46021 46013 45961 46014 46001 46088 45996 45969 45947 46045 46089 46044 46068 45948 46072 46035 45965 45959 45990 45957 45952 46052 46016 46068 45989 46017 45982 46037 46030 45985 45960 45991 46013 46053 46022 46042 46053 46072 46081 46141 45984 46035 45952 46041 45985 46050 46003 46059 46055 45989 45985 46063 46031 45932 45981 
120 64 50120 50085 50158 50143 50151 50170 50022 50178 50096 50098 50181 50145 50122 50151 50125 50175 50256 50239 50207 50218 50154 50187 50128 50183 50218 50213 50200 50221 50199 50265 50174 50154 50137 50191 50212 50103 50125 50188 50236 50167 50162 50085 50162 50192 50207 50226 50186 50115 50198 50193 50211 50205 50154 50136 50228 50182 50174 50243 50193 50205 50190 50161 50158 50190 50152 50177 50261 50247 50267 50186 50151 50130 50090 50187 50202 50151 50209 50122 50168 50168 50248 50207 50128 50170 50167 50102 50177 50185 50174 50195 50210 50154 50152 50201 50200 50154 50084 50198 50202 50220 
130 64 54399 54262 54326 54367 54434 54375 54310 54282 54402 54355 54393 54357 54320 54253 54281 54344 54318 54360 54342 54245 54301 54321 54381 54392 54365 54358 54293 54305 54311 54442 54258 54327 54303 54295 54329 54394 54444 54288 54294 54369 54375 54319 54298 54316 54327 54307 54396 54405 54314 54292 54359 54298 54362 54372 54337 54341 54362 54336 54321 54347 54317 54270 54322 54354 54324 54374 54310 54322 54337 54299 54325 54345 54323 54315 54367 54348 54301 54310 54280 54276 54370 54410 54358 54345 54352 54309 54243 54377 54352 54338 54389 54302 54249 54309 54438 54309 54372 54313 54298 54301 
140 64 58482 58465 58486 58490 58401 58511 58542 58503 58499 58495 58519 58451 58487 58463 58533 58438 58515 58562 58462 58522 58500 58466 58449 58476 58525 58474 58513 58472 58504 58585 58532 58516 58506 58464 58480 58490 58535 58498 58546 58534 58525 58465 58558 58538 58505 58522 58464 58512 58445 58529 58559 58431 58488 58495 58527 58513 58476 58508 58532 58574 58499 58554 58466 58448 58456 58455 58530 58454 58560 58540 58577 58546 58463 58493 58527 58501 58496 58408 58578 58638 58474 58449 58385 58428 58570 58459 58473 58507 58462 58511 58570 58504 58586 58509 58539 58453 58533 58456 58531 58547 
150 64 62742 62608 62606 62672 62565 62612 62667 62647 62650 62588 62732 62580 62586 62627 62717 62684 62640 62670 62708 62682 62631 62665 62705 62638 62717 62587 62579 62654 62632 62670 62654 62761 62597 62703 62616 62606 62576 62653 62748 62666 62628 62707 62640 62613 62613 62698 62633 62726 62555 62581 62626 62596 62569 62673 62708 62669 62609 62512 62612 62651 62696 62680 62609 62649 62651 62620 62608 62603 62628 62659 62647 62676 62669 62621 62741 62617 62709 62643 62644 62642 62607 62530 62581 62547 62660 62683 62641 62669 62634 62605 62672 62670 62691 62595 62653 62685 62662 62567 62612 62748 
160 64 66838 66890 66872 66813 66828 66886 66719 66796 66783 66758 66873 66824 66932 66891 66806 66829 66926 66762 66823 66855 66810 66841 66928 66846 66728 66800 66756 66838 66800 66830 66877 66837 66867 66840 66727 66763 66797 66880 66749 66839 66835 66709 66804 66848 66852 66783 66828 66794 66808 66875 66801 66808 66852 66834 66769 66923 66862 66707 66830 66728 66825 66770 66777 66830 66892 66935 66929 66849 66850 66742 66767 66853 66816 66870 66758 66805 66947 66704 66877 66726 66752 66815 66801 66834 66837 66782 66809 66800 66870 66833 66931 66829 66755 66793 66826 66819 66771 66846 66870 66758 
170 64 71012 70968 70928 70947 70955 70976 71030 70932 70938 70925 70918 71012 71030 70994 70988 71002 71011 70939 71011 70976 71044 70978 70932 70858 71008 70984 70993 70929 70959 71018 71045 70923 70939 70920 70984 70958 70921 70959 70912 70993 70997 71019 70920 71014 70928 71020 70950 70997 70963 70992 70968 71091 70989 71093 70959 71016 70999 70969 70885 70955 71011 70945 70986 71027 70973 70990 71013 71025 70958 71063 70979 71091 71003 70939 70948 70907 70959 70932 70962 71004 70980 70931 71020 70952 71048 71045 70940 71041 70887 70886 71069 70920 70971 70955 70949 70925 71061 71032 71081 70971 
180 64 75128 75202 75121 75148 75136 75208 75107 75137 75089 75232 74996 75094 75061 75233 75194 75215 75127 75095 75133 75210 75141 75177 75053 75079 75157 75013 75106 75144 75191 75088 75091 75092 75166 75181 75096 75072 75249 75163 75086 75126 75179 75089 75081 75146 75024 75167 75223 75066 75175 75155 75097 75210 75137 75093 75164 75117 75176 75065 75094 75185 75190 75099 75156 75161 75173 75123 75131 75059 75140 75121 75207 75113 74979 75097 75189 75124 75110 75172 75278 75147 75265 75304 75232 75188 75098 75073 75127 75108 75153 75130 75120 75067 75077 75140 75080 75196 75081 75169 75052 75071 
190 64 79322 79262 79365 79345 79309 79227 79269 79401 79348 79336 79206 79271 79253 79417 79329 79288 79334 79394 79339 79325 79335 79235 79228 79228 79257 79234 79275 79245 79359 79341 79259 79313 79216 79184 79306 79299 79380 79220 79234 79273 79241 79220 79323 79316 79205 79309 79230 79147 79356 79431 79374 79231 79330 79229 79305 79254 79293 79310 79280 79290 79271 79278 79276 79376 79294 79312 79302 79240 79299 79341 79268 79356 79328 79262 79392 79229 79312 79243 79328 79297 79259 79335 79349 79267 79382 79309 79324 79336 79394 79344 79328 79314 79242 79266 79308 79314 79281 79257 79367 79311 
200 64 83426 83454 83337 83530 83516 83458 83450 83406 83459 83396 83485 83411 83476 83451 83368 83607 83490 83476 83406 83451 83435 83466 83530 83417 83456 83476 83401 83460 83462 83421 83559 83432 83400 83427 83484 83406 83467 83403 83462 83417 83507 83451 83447 83481 83427 83486 83434 83494 83451 83422 83382 83428 83532 83531 83423 83511 83524 83311 83414 83564 83436 83369 83488 83452 83323 83496 83455 83419 83397 83321 83541 83468 83495 83491 83509 83436 83488 83472 83422 83424 83492 83472 83439 83476 83312 83444 83436 83400 83472 83460 83493 83431 83439 83505 83481 83513 83442 83441 83470 83448 
